-4493.55
-4495.6
-4493.86
-4489.52
-4491.87
-4488.74
-4489.3
-4490.76
-4492
-4485.42
-4479.54
-4475.86
-4477.3
-4470.75
-4466.56
-4456.83
-4455.93
-4457.26
-4459.21
-4453.6
-4440
-4437.38
-4440.85
-4439.34
-4438.22
-4421.81
-4418.53
-4403.41
-4392.8
-4386.54
-4381.24
-4381.54
-4370.64
-4369.84
-4359.06
-4353.38
-4342.57
-4338.15
-4327.36
-4318.72
-4315.14
-4313.65
-4307.64
-4301.99
-4298.69
-4298.21
-4294.6
-4294.51
-4297.28
-4286.27
-4287.29
-4283.24
-4282.82
-4281.37
-4271.37
-4271.92
-4267.23
-4262.71
-4266.09
-4264.95
-4265.56
-4266.63
-4266.8
-4268.21
-4265.24
-4264.05
-4266.24
-4268.43
-4262.81
-4259.57
-4261.68
-4260.29
-4264.95
-4262.73
-4259.47
-4248.8
-4249.31
-4249.34
-4250.91
-4243.94
-4242.35
-4232.06
-4235.68
-4240.67
-4239.34
-4240.96
-4235.61
-4234.42
-4236.12
-4237.83
-4240.3
-4237.11
-4238.79
-4237.84
-4239.79
-4238.04
-4239.4
-4235.49
-4233.74
-4233.8
-4234.74
-4234.9
-4231.33
-4233.55
-4228.49
-4224.97
-4227.56
-4228.84
-4233.23
-4229.09
-4229.91
-4230.56
-4234.91
-4233.05
-4227.2
-4229.84
-4230.25
-4227.56
-4224.44
-4218.1
-4218.98
-4214.31
-4214.1
-4208.98
-4205.85
-4201.28
-4198.14
-4197.16
-4191.79
-4190.46
-4193.88
-4193.5
-4190.49
-4194.73
-4197.13
-4196.19
-4196.57
-4200.12
-4202.9
-4200.6
-4201.86
-4198.21
-4194.39
-4190.77
-4185.97
-4189.73
-4193.44
-4190.67
-4194.19
-4194.52
-4188.03
-4187.88
-4181.55
-4180.94
-4180.47
-4183.57
-4179.76
-4178.64
-4180.99
-4176.54
-4180.06
-4178.6
-4180.8
-4174.71
-4176.09
-4174.27
-4172.8
-4169.55
-4171.85
-4175.21
-4174.94
-4169.12
-4165.81
-4165.02
-4164.53
-4164.93
-4165.62
-4165.53
-4161.61
-4158.29
-4158.77
-4159.21
-4158.43
-4159.58
-4155.85
-4150.29
-4147.23
-4147.74
-4146.59
-4150.35
-4150.95
-4153.35
-4156.37
-4161.86
-4159.66
-4161.47
-4159.46
-4160.47
-4154.95
-4157.82
-4158.95
-4159.2
-4157.37
-4160.01
-4162.69
-4156.27
-4159.14
-4159.79
-4160.49
-4158.61
-4159.64
-4159.57
-4159.62
-4153.36
-4153.51
-4156.83
-4154.59
-4157.2
-4159.61
-4159.95
-4161.3
-4160.79
-4159.55
-4161.8
-4163.16
-4162.46
-4160.69
-4162.73
-4159.99
-4160.26
-4163.06
-4160.04
-4157.23
-4158.61
-4159.84
-4159.25
-4161.8
-4160.99
-4161.7
-4162.19
-4166.03
-4162.18
-4162.49
-4163.2
-4161.64
-4161.27
-4160.35
-4163.32
-4163.54
-4162.85
-4157.68
-4157.51
-4154.96
-4151.09
-4146.98
-4145.67
-4147.21
-4144.54
-4143.53
-4143.91
-4142.62
-4142.41
-4142.01
-4142.87
-4141.09
-4142.61
-4146.48
-4143.05
-4144.54
-4144.14
-4141.33
-4139.68
-4139.11
-4139.32
-4136.46
-4135.51
-4136.52
-4134.4
-4134.16
-4135.05
-4134.99
-4132.04
-4131.48
-4131.14
-4131.27
-4131.39
-4126.92
-4127.83
-4127.65
-4125.16
-4124.69
-4123.38
-4123.59
-4120.61
-4118.13
-4114.55
-4116.19
-4118.85
-4119.4
-4121.33
-4121.81
-4123.44
-4124.06
-4118.08
-4117.82
-4118.85
-4118.4
-4120.65
-4121.33
-4119.53
-4119.93
-4118.75
-4115.29
-4119.95
-4118.08
-4116.62
-4114.81
-4112.33
-4112.37
-4111.67
-4109.78
-4109.3
-4107.71
-4108.93
-4112.96
-4108.44
-4111.68
-4114.13
-4111.76
-4113.61
-4108.77
-4107.58
-4106.27
-4102.33
-4104.95
-4105.61
-4107.86
-4112.08
-4113.61
-4119.86
-4115.83
-4114.45
-4111.95
-4112.26
-4107.58
-4104.98
-4106.66
-4109.63
-4107.92
-4109.34
-4108.96
-4109.24
-4110.12
-4110.12
-4116.45
-4113.75
-4109.92
-4113.2
-4109.57
-4112.25
-4105.87
-4105.98
-4103.46
-4102.3
-4105.76
-4102.4
-4103.67
-4103.37
-4103.82
-4102.28
-4104.93
-4105.85
-4104.2
-4104.45
-4102.59
-4100.86
-4100.96
-4098.94
-4098.74
-4095.03
-4092.17
-4093.99
-4094.85
-4098.67
-4100.48
-4097.98
-4096.81
-4095.26
-4098.32
-4095.43
-4095.6
-4095.97
-4097.08
-4095.64
-4094.56
-4094.96
-4094.84
-4093.28
-4089.76
-4091.91
-4090.84
-4094.41
-4093.01
-4092.35
-4091.61
-4091.6
-4092.46
-4092.49
-4091.28
-4088.56
-4091.29
-4091.04
-4093.33
-4093.8
-4091.69
-4091
-4094.56
-4092.26
-4092.89
-4092.38
-4092.25
-4093.32
-4094.12
-4095.42
-4095.65
-4095.79
-4095.65
-4094.08
-4094.68
-4095.86
-4094.74
-4094.16
-4092.62
-4091.86
-4092.56
-4094.03
-4092.69
-4092.9
-4092.1
-4090.15
-4087.99
-4084.13
-4084.64
-4083.75
-4085.99
-4087.02
-4085.85
-4089.26
-4085.87
-4085.86
-4084.12
-4084.69
-4084.21
-4082.22
-4085.66
-4086.82
-4083.29
-4081.24
-4080.39
-4080.03
-4082.01
-4084.64
-4081.46
-4082.12
-4081.16
-4081.11
-4085.15
-4083.06
-4078.06
-4078.1
-4076.29
-4075.72
-4079.87
-4075.73
-4076.17
-4076.29
-4076.62
-4075.04
-4076.67
-4074.02
-4075.4
-4074.43
-4075.89
-4076.41
-4074.49
-4074.09
-4073.66
-4075.92
-4076.97
-4077.67
-4077.1
-4078.13
-4079.47
-4079.77
-4078.16
-4078.31
-4078.32
-4078.82
-4078.24
-4080.12
-4076.91
-4075.63
-4071.4
-4072.22
-4072.64
-4073.09
-4066.35
-4069.41
-4068.67
-4066.73
-4068
-4072.78
-4075.5
-4072.9
-4069.7
-4071.11
-4066.9
-4068.69
-4065.38
-4063.62
-4063.86
-4061.59
-4062.05
-4062.69
-4062.55
-4060.02
-4059.42
-4057.6
-4058.71
-4058.02
-4064.57
-4064.45
-4064.3
-4062.75
-4063.13
-4063.28
-4064.63
-4061.3
-4057.76
-4059.21
-4059.7
-4055.75
-4056.99
-4057.07
-4057.05
-4056.84
-4057.09
-4056.1
-4057.18
-4057.64
-4057.27
-4058.22
-4058.43
-4058.51
-4055.92
-4056.88
-4055.84
-4058.46
-4055.7
-4056.34
-4056.94
-4057.49
-4056.01
-4056.85
-4059.62
-4059.47
-4059.83
-4062.83
-4059.36
-4058.51
-4059.42
-4055.13
-4052.22
-4054.21
-4051.83
-4052.09
-4048.35
-4046.17
-4040.1
-4036.85
-4033.9
-4032.15
-4027.23
-4026.8
-4025.9
-4027.24
-4026.4
-4025.7
-4024.27
-4025.17
-4024.05
-4024.65
-4024.85
-4025.17
-4022.87
-4021.47
-4022.36
-4022.52
-4023.8
-4023.61
-4025.12
-4024.38
-4023.43
-4022.41
-4021.48
-4022.1
-4019.8
-4020.68
-4022.82
-4022.29
-4025.76
-4023.34
-4022.7
-4021.95
-4019.01
-4016.8
-4017.5
-4017.31
-4018.96
-4019.17
-4016.45
-4017.06
-4016.56
-4017.57
-4017.8
-4016
-4017.1
-4016.79
-4016.94
-4019.15
-4017.14
-4018.68
-4018.66
-4018.55
-4017.52
-4017.81
-4017.59
-4017.09
-4014.81
-4016.18
-4016.09
-4019.23
-4019.42
-4021.67
-4020.42
-4020.86
-4022.06
-4024.23
-4023.09
-4024.07
-4019.06
-4020.7
-4019.55
-4022.65
-4024.01
-4025.21
-4027.89
-4026.32
-4022.08
-4023.59
-4021.27
-4021.27
-4022.34
-4022.99
-4018.85
-4016.77
-4014.39
-4009.92
-4005.34
-4004.25
-4006.66
-4005.76
-4006.7
-4005.34
-4002.22
-4002.77
-3997.49
-3997.85
-3994.99
-3991.49
-3991.63
-3990.21
-3990.32
-3993.26
-3993.03
-3988.29
-3988.44
-3988.13
-3986.57
-3985.1
-3983.89
-3985.06
-3989.17
-3990
-3986.48
-3983.29
-3983.4
-3981.77
-3982.49
-3982.23
-3983.69
-3983.29
-3981.86
-3980.1
-3979.4
-3977.96
-3978.21
-3979.28
-3980.46
-3980.33
-3978.09
-3981.15
-3977.1
-3975.14
-3975.02
-3975.69
-3978.37
-3975.58
-3977
-3977.4
-3978.32
-3973.98
-3967.13
-3962.49
-3962.7
-3963.57
-3958.03
-3959.39
-3955.42
-3954.96
-3957.94
-3953.96
-3951.53
-3954.39
-3954
-3951.57
-3951.62
-3946.76
-3952.48
-3948.03
-3944.36
-3944.51
-3948.59
-3947.7
-3951.8
-3954.51
-3953.72
-3950.3
-3948.24
-3953.76
-3953.43
-3948.94
-3949.56
-3946.41
-3945.23
-3942.08
-3942.32
-3939.95
-3939.39
-3938.82
-3941.13
-3936.39
-3937.97
-3935.24
-3935.98
-3937.48
-3937.27
-3938.27
-3939.13
-3938.53
-3939.28
-3940.04
-3942.63
-3939.49
-3937.23
-3938.64
-3939.99
-3938.63
-3938.51
-3940.92
-3942.22
-3943.16
-3942.91
-3940.14
-3940.01
-3941.02
-3938.25
-3938.78
-3938.91
-3939.35
-3942.67
-3945.08
-3942.45
-3941.44
-3939.22
-3939.67
-3937.31
-3935.55
-3936.75
-3938.49
-3939.43
-3941.25
-3940.75
-3941.5
-3947.82
-3946.43
-3945.88
-3943.23
-3942.82
-3941.95
-3941
-3944.43
-3943.92
-3946.17
-3943.14
-3944.77
-3943.47
-3939.8
-3939.05
-3940.59
-3939.29
-3943.15
-3944.45
-3944.28
-3942.27
-3941.25
-3942.13
-3941.61
-3938.58
-3938.38
-3942.42
-3941.3
-3941.21
-3942.36
-3940.3
-3942.44
-3943.05
-3940.2
-3940.12
-3941.36
-3941.21
-3937.75
-3938.54
-3940.44
-3942.49
-3940.49
-3940.47
-3938.19
-3937.51
-3940.1
-3938.29
-3940.64
-3937.94
-3937.43
-3938.4
-3937.97
-3937.29
-3938.53
-3934.83
-3935.56
-3937.29
-3934.93
-3936.64
-3935.31
-3940.56
-3939.78
-3941.11
-3941.13
-3937.94
-3939.91
-3943.25
-3944.44
-3940.67
-3937.63
-3937.41
-3937.69
-3939
-3941.44
-3942.76
-3939.59
-3939.73
-3940.81
-3944.66
-3944.71
-3943.56
-3943.28
-3941.71
-3941.47
-3941
-3940.93
-3939.82
-3942.81
-3944.96
-3942.08
-3942.42
-3942.41
-3937.81
-3937.86
-3936.77
-3935.95
-3930.97
-3929.77
-3928.4
-3919.71
-3916.49
-3914.2
-3914.15
-3917
-3918.3
-3919.27
-3917.69
-3920
-3915.28
-3915.55
-3916.24
-3914.93
-3911.1
-3910.06
-3910.54
-3909.08
-3908.55
-3908.01
-3906.17
-3906.92
-3910.09
-3907.21
-3905.42
-3905.91
-3903.74
-3903.07
-3905.77
-3902.8
-3903.12
-3901.49
-3900.78
-3899.78
-3899.98
-3901.01
-3901.55
-3901.63
-3898.12
-3898.81
-3901
-3901.7
-3903.4
-3900.94
-3901.13
-3902.51
-3904.22
-3904.15
-3903.69
-3903.06
-3904.44
-3903.32
-3902.86
-3901.68
-3902.31
-3901.18
-3899.1
-3900.58
-3899.37
-3900.42
-3899.92
-3898.39
-3899.18
-3898.32
-3896.26
-3899.91
-3900.57
-3899.84
-3902.34
-3899.89
-3902.51
-3902.47
-3899.67
-3899.48
-3896.3
-3895.65
-3894.32
-3895.12
-3896.73
-3899.83
-3903.42
-3903.32
-3901.42
-3899.22
-3901.43
-3900.22
-3898.35
-3900.78
-3901.7
-3900.02
-3898.85
-3898.44
-3900.2
-3896.9
-3899.16
-3899.73
-3902.24
-3903.67
-3899.99
-3897.46
-3898.32
-3896.21
-3895.94
-3896.36
-3898.74
-3895.77
-3897.97
-3895.96
-3894.83
-3896.05
-3895.4
-3898.53
-3897.65
-3894.27
-3896.48
-3896.66
-3897.8
-3898
-3894.55
-3894.17
-3894.21
-3894.64
-3891.16
-3887.34
-3888.16
-3888.97
-3892.89
-3887.64
-3885.05
-3888.25
-3889.01
-3887.15
-3886.57
-3887.57
-3888.51
-3887.63
-3884.98
-3883.52
-3884.12
-3886.75
-3887.24
-3888.46
-3885.24
-3887.91
-3890.41
-3889.21
-3894.53
-3893.52
-3896.31
-3896.02
-3892.12
-3894.36
-3895.95
-3890.91
-3892.47
-3894.47
-3893
-3895.29
-3895.59
-3895.37
-3900.03
-3895.65
-3893.87
-3892.5
-3893.06
-3894.49
-3896.38
-3895.57
-3896.94
-3897.81
-3899.66
-3898.23
-3897.09
-3898.27
-3900.02
-3897.54
-3897.39
-3894.92
-3890.6
-3890.6
-3889.53
-3888.88
-3889.33
-3888.41
-3889.69
-3890.3
-3885.83
-3883.7
-3884.04
-3882.58
-3881.47
-3881.76
-3879.79
-3879.25
-3878.96
-3877.2
-3878.21
-3876.77
-3874.77
-3871.8
-3873.7
-3871.08
-3870.34
-3872.67
-3869.81
-3870.38
-3867.72
-3868.03
-3872.26
-3868.5
-3867.89
-3867.92
-3865
-3866.32
-3867.89
-3868.28
-3870.28
-3873.15
-3875.1
-3873.93
-3873.59
-3874.93
-3871.96
-3872.58
-3870.45
-3872.15
-3872.88
-3872.18
-3877.75
-3877.34
-3877.79
-3880.63
-3880.05
-3877.69
-3875.04
-3877.48
-3876.81
-3873.48
-3871.27
-3873.62
-3875.98
-3875.25
-3873.15
-3874.6
-3873.21
-3869.42
-3869.27
-3868.6
-3869.69
-3867.45
-3869.22
-3868.48
-3866.69
-3866.64
-3866.83
-3868.84
-3868.8
-3870.41
-3868.31
-3865.26
-3862.7
-3860.96
-3864.07
-3861.56
-3859.21
-3858.97
-3859.41
-3864.76
-3865.73
-3864.96
-3864.3
-3862.94
-3863.08
-3865.3
-3863.76
-3863.08
-3858.39
-3856.97
-3856.65
-3858.87
-3860.08
-3859.77
-3857.79
-3857.84
-3857.08
-3860.29
-3859.6
-3859.42
-3858.25
-3860.19
-3859.06
-3857.5
-3857.63
-3858.68
-3859.52
-3857.83
-3857.88
-3857.17
-3856.98
-3854.08
-3856.2
-3856.48
-3853.46
-3849.82
-3850.37
-3850.04
-3855.02
-3856.6
-3855.87
-3853.25
-3851.38
-3851.91
-3849.76
-3848.66
-3847.71
-3848.42
-3851.83
-3847.55
-3845.07
-3842.17
-3840.61
-3839.99
-3834.41
-3832.05
-3834.08
-3837.24
-3835.54
-3829.63
-3828.66
-3826.56
-3826.43
-3822.41
-3824.19
-3823.14
-3822.38
-3822.39
-3826.14
-3823.09
-3830.26
-3829.2
-3827.31
-3829.48
-3824.51
-3823.32
-3822.77
-3817.33
-3816.86
-3810.09
-3807.52
-3807.76
-3806.46
-3807.74
-3805.31
-3804.23
-3794.86
-3797.27
-3798.08
-3794.86
-3793.54
-3791.39
-3795.19
-3794.63
-3793.2
-3788.48
-3785.85
-3786.44
-3784.38
-3785.99
-3786.5
-3788.35
-3783.76
-3781.57
-3783.1
-3780.96
-3784.22
-3787.55
-3783.42
-3783.32
-3783.02
-3784.65
-3784.63
-3783.65
-3783.26
-3783.08
-3786.25
-3788.97
-3788.71
-3791.91
-3791.14
-3790.07
-3789.43
-3790.72
-3792.43
-3793.66
-3793.76
-3795.27
-3796.43
-3797.54
-3793.4
-3791.98
-3789.48
-3785.97
-3786.19
-3788.88
-3789.79
-3791.41
-3790.07
-3791.64
-3789.13
-3789.83
-3790.56
-3786.92
-3784.37
-3783.49
-3783.2
-3786.21
-3786.62
-3787.63
-3787.07
-3787.26
-3785.68
-3788.03
-3783.55
-3781.85
-3781.12
-3780.06
-3779.08
-3778.2
-3773.38
-3773.88
-3774.73
-3779.24
-3779.75
-3779.24
-3778.88
-3779.9
-3779.55
-3779.86
-3783.91
-3780.95
-3783.69
-3785.25
-3782.3
-3780.95
-3781.97
-3782.84
-3783.72
-3787.84
-3790.38
-3789.1
-3787.14
-3787.93
-3785.17
-3788.72
-3787.21
-3786.2
-3786.02
-3782.09
-3780.69
-3783.86
-3782.23
-3785.08
-3783.59
-3782.42
-3782.15
-3783.95
-3783.1
-3782.77
-3782.7
-3784.67
-3783.82
-3785.35
-3787.99
-3785.37
-3783.59
-3785.95
-3789.37
-3788.16
-3785.55
-3786.07
-3784.16
-3785.61
-3785.06
-3789.9
-3787.99
-3790.19
-3784.3
-3783.15
-3785.42
-3781.73
-3779.59
-3779.66
-3776.95
-3777.15
-3778.38
-3774.06
-3778.52
-3778.11
-3773.7
-3771.56
-3764.13
-3761.37
-3760.18
-3759.85
-3755.44
-3756.23
-3757.11
-3759.61
-3763.17
-3762.62
-3757.36
-3760.05
-3759.65
-3757.85
-3755.11
-3750.23
-3750.41
-3751.99
-3748.67
-3751.43
-3745.39
-3741.29
-3743.2
-3741.87
-3741.06
-3738.87
-3736.59
-3738.35
-3735.12
-3735.38
-3732.44
-3733.22
-3731.74
-3729.25
-3730.29
-3728.95
-3730.97
-3729.22
-3731.28
-3730.36
-3729.12
-3726.29
-3726.56
-3727.1
-3727.05
-3731.14
-3726.84
-3725.07
-3720.46
-3720.4
-3715.77
-3706.66
-3702.07
-3697.47
-3690.45
-3682.33
-3676.31
-3675.47
-3668.46
-3667.98
-3666.96
-3665.45
-3664.53
-3670.34
-3668.93
-3668.43
-3668.72
-3666.88
-3669.62
-3671.76
-3671.46
-3676.26
-3678.65
-3678.76
-3677.53
-3674.23
-3671.27
-3664.2
-3662.02
-3656.69
-3652.67
-3649.72
-3645.7
-3648.94
-3648.99
-3645.31
-3643.16
-3642.75
-3639.7
-3640.61
-3637.29
-3635.34
-3636.83
-3635.98
-3635.34
-3638.3
-3640.02
-3640.67
-3639.85
-3638.56
-3637.79
-3639.53
-3641.66
-3637.11
-3637.86
-3641.65
-3640
-3636.9
-3633.11
-3634.21
-3628.79
-3623.36
-3620.61
-3612.64
-3605.48
-3598.87
-3595.14
-3592.57
-3595.04
-3589.52
-3587.59
-3588.12
-3587.2
-3584.68
-3581.98
-3577.32
-3575.85
-3580.37
-3580
-3579.69
-3577.03
-3571.57
-3569.22
-3567.4
-3566.22
-3564.51
-3563.22
-3562.08
-3561.18
-3557.55
-3557.05
-3555.11
-3555.11
-3556.57
-3558.31
-3555.56
-3558.24
-3556.49
-3555.54
-3553.37
-3553.16
-3557.37
-3556.57
-3554.88
-3551.83
-3549.63
-3551.74
-3547.76
-3549.77
-3547.32
-3545.19
-3545.08
-3544.56
-3544.64
-3544.95
-3540.85
-3544.6
-3542.16
-3543.2
-3542.34
-3541.42
-3540.32
-3543.92
-3544.12
-3538.65
-3538.59
-3543.63
-3539.59
-3539.1
-3539.4
-3541.13
-3545.64
-3542.25
-3541.3
-3545.05
-3547.5
-3545.09
-3541.99
-3542.36
-3543.06
-3542.83
-3541.75
-3539.7
-3540.77
-3538.33
-3539.7
-3543.38
-3543.46
-3547.01
-3545.37
-3547.51
-3546.27
-3542.01
-3537.91
-3541.9
-3543.32
-3545.33
-3546.12
-3542.36
-3544.55
-3541.7
-3541.67
-3543.15
-3541.03
-3542.02
-3542.41
-3545.01
-3541.01
-3540.17
-3542.84
-3543.07
-3541.63
-3540.32
-3539.23
-3543.96
-3546.2
-3546.21
-3543.06
-3544.71
-3545.76
-3543.84
-3544.18
-3544.16
-3547.41
-3551.01
-3549.71
-3549.35
-3546.22
-3543.26
-3538.53
-3540.54
-3542.59
-3542.31
-3542.34
-3546.77
-3546.18
-3551.35
-3551.99
-3552.82
-3551.86
-3549.64
-3550.56
-3549.11
-3548.87
-3547.38
-3548.56
-3548.47
-3547.61
-3546.77
-3544.11
-3543.71
-3544.11
-3546.23
-3551.69
-3551.37
-3549.93
-3544.23
-3542.15
-3544.66
-3545.22
-3546.07
-3545.9
-3541.46
-3543.72
-3543.18
-3544.43
-3544.27
-3540.74
-3540.61
-3541.24
-3542.81
-3542.26
-3540.78
-3543.35
-3546.26
-3547.46
-3548.02
-3547.43
-3548.21
-3549.62
-3544.96
-3545.01
-3548.97
-3543.4
-3542.15
-3546.12
-3544.71
-3549.8
-3549.95
-3550.86
-3558.56
-3557.94
-3556.32
-3558.05
-3559.06
-3552.64
-3550.43
-3549.01
-3548.44
-3549.13
-3545.63
-3547.24
-3548.77
-3552
-3548.17
-3546.39
-3545.01
-3544.36
-3547.42
-3550.52
-3550.54
-3550.21
-3550.82
-3547.71
-3544.23
-3548.06
-3547.02
-3542.83
-3540.4
-3537.25
-3539.95
-3541.12
-3544.53
-3542.88
-3541.55
-3541.84
-3542.03
-3540.38
-3538.34
-3539.18
-3536.8
-3537.24
-3538.75
-3539.87
-3538.46
-3542.86
-3546.21
-3542.56
-3543.84
-3541.11
-3540.15
-3540.03
-3538.96
-3540.33
-3541.33
-3541.6
-3541.57
-3541.91
-3541.48
-3541.89
-3539.21
-3546.29
-3545.05
-3542.33
-3542.44
-3540.12
-3540.06
-3539.34
-3536.53
-3535.53
-3533.29
-3533.82
-3530.35
-3530.01
-3531.78
-3531.57
-3529.54
-3531.33
-3533.45
-3537.29
-3539.61
-3538.91
-3538.26
-3535.17
-3534.73
-3537.57
-3535.5
-3535.4
-3534.9
-3532.93
-3529.36
-3531.92
-3530.52
-3535.45
-3536.67
-3537.19
-3538.71
-3542.71
-3539.51
-3540.92
-3540.38
-3537
-3539.79
-3538.19
-3542.58
-3534.22
-3532.68
-3536.71
-3536.08
-3537.13
-3535.62
-3537.15
-3539.47
-3536.32
-3536.85
-3536.64
-3536.24
-3535.8
-3538.69
-3540.4
-3538.15
-3541.38
-3539.82
-3538.51
-3539.93
-3541.34
-3539.95
-3540.76
-3537.57
-3538.64
-3541.93
-3543.86
-3554.02
-3546.1
-3546.59
-3548.89
-3543
-3540.61
-3535.03
-3537.09
-3538.27
-3542.08
-3541.97
-3546.76
-3543.16
-3543.85
-3543.04
-3542.5
-3542.3
-3541.22
-3539.05
-3540.01
-3535.9
-3536.11
-3535.37
-3536.62
-3542.11
-3542.86
-3541.39
-3541.48
-3538.56
-3541.81
-3541.35
-3542.27
-3542.82
-3543.54
-3545.01
-3545.15
-3546
-3548.86
-3548.1
-3546.95
-3545.47
-3541.29
-3542.73
-3542.97
-3541.77
-3540.98
-3543.01
-3541.25
-3541.54
-3540.01
-3540.31
-3542.83
-3542.03
-3544.23
-3543.33
-3542.15
-3546.45
-3547.8
-3545.89
-3546.3
-3547.49
-3546.94
-3546.48
-3547.81
-3549.31
-3546.98
-3544.27
-3542.27
-3545.98
-3544.51
-3545.35
-3543.55
-3542.07
-3543.45
-3541.56
-3544.09
-3542.49
-3540.9
-3543.27
-3540.42
-3541.49
-3542.16
-3540.47
-3541.65
-3543.54
-3539.14
-3543.06
-3544.14
-3541.82
-3538.68
-3544.12
-3541.02
-3540.92
-3543.69
-3543.54
-3543.64
-3542.76
-3546.14
-3541.49
-3537.17
-3539.71
-3540.2
-3538.58
-3538.82
-3537.68
-3542.11
-3543.49
-3547.88
-3545.02
-3544.44
-3545.14
-3548.87
-3546.48
-3545.91
-3542.75
-3542.53
-3542.88
-3547.92
-3553.82
-3550.56
-3550.45
-3550.57
-3547.09
-3545.81
-3548.27
-3545.94
-3549.18
-3545.45
-3549.91
-3550.13
-3550.44
-3552.93
-3551.72
-3548.77
-3549.36
-3548.76
-3549.29
-3550.49
-3546.65
-3547.88
-3549.44
-3545.65
-3544.35
-3543.42
-3541.31
-3544.32
-3548.21
-3553.76
-3555.22
-3551.86
-3549.77
-3553.5
-3554.62
-3554.67
-3555.81
-3556.48
-3553.51
-3556.57
-3554.18
-3554.2
-3552.73
-3550.86
-3551.01
-3552.17
-3549.64
-3547.31
-3547.77
-3550.08
-3553.69
-3550.92
-3547.33
-3549.63
-3551.96
-3552.54
-3550.16
-3543.57
-3544.52
-3542.79
-3542.16
-3546.7
-3549.52
-3546.62
-3547.36
-3546.15
-3548.18
-3552.04
-3554.95
-3555.71
-3555.05
-3551.76
-3549.32
-3546.53
-3549.52
-3547.61
-3545.62
-3545.81
-3546.34
-3546.51
-3547.2
-3542.45
-3546.22
-3546.77
-3545.61
-3550.8
-3552.75
-3551.57
-3543.07
-3545.11
-3542.77
-3543.61
-3540.72
-3542.48
-3540.4
-3539.66
-3541.55
-3543.07
-3546.46
-3550.16
-3547.54
-3547.31
-3547.23
-3548.94
-3550.32
-3549.65
-3551.84
-3552.44
-3549.1
-3547.51
-3542.65
-3542.85
-3545.15
-3544.2
-3546.32
-3546.21
-3543.83
-3542.64
-3544.7
-3543.96
-3546.85
-3547.14
-3547.11
-3545.31
-3545.29
-3544
-3542.64
-3542.13
-3543.01
-3543.25
-3546.69
-3548.07
-3549.51
-3547.85
-3549.32
-3547.95
-3550.95
-3552.95
-3550.8
-3550.03
-3550.17
-3548.61
-3550.51
-3549.21
-3547.72
-3545.02
-3544.98
-3542.84
-3543.49
-3550.8
-3548.82
-3548.6
-3549.46
-3541.61
-3541.62
-3542.87
-3539.91
-3537.21
-3541.97
-3542.2
-3541.21
-3542.91
-3538.2
-3538.53
-3536.81
-3541.37
-3541.44
-3544.51
-3545.58
-3544.81
-3544.66
-3542.32
-3538.2
-3538.21
-3536.61
-3538.81
-3535.64
-3534.64
-3533.75
-3534.22
-3533.83
-3536.34
-3542
-3542.3
-3538.26
-3540.49
-3545.91
-3542.22
-3543.69
-3540.45
-3538.36
-3537.03
-3539.2
-3539.94
-3537.46
-3539
-3543.31
-3544.79
-3545.91
-3540.35
-3541.99
-3543.09
-3542.88
-3539.58
-3542.85
-3544.1
-3546.41
-3545.89
-3543.88
-3544.89
-3545.79
-3543.75
-3546.34
-3546.4
-3545.82
-3554.71
-3545.33
-3548.42
-3548.44
-3545.83
-3546.14
-3543.56
-3548.23
-3544.73
-3548.46
-3544.01
-3544.62
-3549.06
-3546.97
-3544.78
-3543.6
-3542.99
-3544.45
-3539.99
-3540.23
-3541.83
-3541.33
-3542.32
-3543.27
-3544.39
-3541.76
-3545.28
-3544.09
-3540.48
-3544.4
-3540.21
-3543.76
-3547.89
-3552.33
-3548.65
-3547.98
-3540.29
-3538.96
-3542.15
-3543.4
-3545.95
-3546.9
-3546.96
-3545.88
-3546.95
-3546.85
-3542.73
-3541.68
-3539.6
-3541.74
-3538.12
-3534.53
-3533.54
-3533.67
-3532.5
-3531.63
-3533.7
-3533.5
-3532.46
-3532.39
-3527.06
-3529.21
-3529.29
-3531.68
-3529.83
-3533.86
-3535.12
-3532.24
-3532.77
-3533.38
-3534.54
-3540.85
-3532.9
-3536.56
-3536.24
-3530.8
-3538.39
-3534.78
-3531.86
-3532.53
-3536.25
-3534.55
-3536.03
-3538.55
-3537.29
-3536.02
-3537.54
-3537.75
-3543.67
-3544.32
-3543.73
-3537.32
-3536.56
-3538.6
-3542.26
-3543.38
-3542.95
-3538.9
-3537.98
-3536.73
-3540.21
-3540.69
-3538.43
-3542.23
-3539.56
-3541.53
-3540.07
-3537.16
-3536.71
-3535.75
-3537.12
-3539.55
-3540.31
-3540.5
-3537.36
-3538.39
-3538.01
-3538.65
-3536.65
-3540.25
-3543.36
-3544.72
-3546.78
-3542.93
-3542.02
-3545.65
-3545.95
-3543.42
-3544.67
-3540.35
-3541.03
-3537.66
-3536.99
-3541.72
-3539.54
-3539.94
-3537.62
-3538.7
-3542.58
-3540.46
-3539.18
-3540.97
-3538.88
-3539.91
-3539.29
-3540.15
-3542.49
-3541.9
-3541.44
-3544.95
-3543.92
-3541.77
-3542.75
-3542.71
-3541.61
-3545.18
-3542.44
-3542.21
-3543.31
-3540.44
-3542.33
-3540.11
-3537.87
-3539.9
-3539.39
-3542.15
-3539.54
-3538.15
-3540.82
-3544.5
-3545.51
-3548.36
-3552.18
-3550.88
-3554.72
-3553.84
-3553.19
-3553.32
-3553.36
-3551.59
-3554.06
-3550.69
-3545.12
-3550.69
-3550.21
-3546.84
-3547.8
-3554.12
-3550.98
-3551.94
-3551.22
-3549.36
-3550.01
-3547.77
-3548.09
-3550.29
-3549.33
-3552.12
-3552.59
-3553.02
-3548.96
-3548.12
-3549.91
-3549.35
-3550.43
-3547.52
-3553.26
-3552.1
-3554.05
-3553.49
-3553.84
-3555.74
-3552.14
-3549.39
-3548.13
-3546.94
-3545.22
-3544.93
-3541.7
-3541.96
-3545.33
-3542.34
-3546.39
-3547.38
-3545.61
-3546.84
-3541.85
-3543.81
-3542.54
-3537.24
-3536.98
-3535.52
-3532.28
-3537.96
-3539.72
-3540.43
-3536.88
-3536.11
-3535.79
-3533.52
-3535.79
-3535.25
-3537
-3535.9
-3536.02
-3535.55
-3537.6
-3532.28
-3536.9
-3538.43
-3536.92
-3534.92
-3539.42
-3542.87
-3543.15
-3538.51
-3536.78
-3537.44
-3534.15
-3534.87
-3535.39
-3532.71
-3529.39
-3526.18
-3525.86
-3530.06
-3529.38
-3528.27
-3529.14
-3530.77
-3531.71
-3530.94
-3531.5
-3533.98
-3531
-3536.21
-3532.84
-3531.12
-3533.81
-3539.75
-3541.88
-3540.46
-3540.8
-3538.98
-3538.73
-3537.69
-3538.2
-3537.17
-3537.89
-3541.45
-3541.32
-3540.88
-3542.51
-3539.38
-3540.92
-3540.63
-3545.08
-3548.2
-3542.7
-3546.67
-3547.52
-3546.48
-3544.25
-3546.71
-3541.71
-3543.17
-3545.55
-3545.61
-3542.57
-3541.69
-3545.35
-3543.46
-3547.5
-3548.29
-3548.88
-3550.89
-3546.99
-3544.75
-3547.26
-3547.57
-3546.31
-3550.96
-3551.22
-3548.05
-3549.72
-3550.4
-3556.06
-3554.62
-3549.48
-3544.16
-3543.92
-3548.83
-3547.48
-3547.3
-3546.3
-3545.23
-3543.62
-3540.89
-3541.56
-3545.09
-3541.46
-3547.2
-3545.16
-3544.5
-3543.01
-3538.53
-3543.92
-3545.57
-3550.13
-3553.9
-3551.56
-3547.78
-3545.05
-3544.9
-3546.38
-3547.48
-3541.14
-3540.28
-3541.93
-3539.25
-3539.9
-3541.07
-3537.91
-3539.77
-3540.19
-3540.54
-3540.03
-3542.67
-3540.52
-3545.03
-3546.14
-3547.07
-3548.18
-3548.48
-3550.73
-3555.38
-3555.78
-3557.7
-3555.71
-3556.49
-3557.47
-3552.31
-3554.96
-3551
-3550.19
-3553.05
-3546.96
-3544.77
-3543.75
-3543.21
-3541.41
-3541.48
-3542.03
-3544.52
-3542.37
-3549.05
-3546.02
-3547.89
-3550.13
-3554.25
-3555.3
-3550.66
-3548.38
-3550.97
-3552.7
-3551.75
-3552.81
-3552.7
-3554.84
-3553.83
-3554.87
-3555.31
-3553.16
-3550.1
-3556.6
-3557.01
-3557.45
-3560.05
-3560.73
-3561.41
-3563.03
-3564.61
-3562.7
-3561.76
-3564.37
-3561.46
-3560.92
-3560.91
-3563.01
-3564.43
-3565.29
-3566.26
-3565.13
-3562.21
-3558.71
-3559.17
-3556.9
-3556.07
-3553
-3551.44
-3550.3
-3552.82
-3555.07
-3555.95
-3551.8
-3553.25
-3552.24
-3545.97
-3546.73
-3544.63
-3545.32
-3546.36
-3543.16
-3546.06
-3549.77
-3550.19
-3550.7
-3548.92
-3546.2
-3545.94
-3548.41
-3549.21
-3551.04
-3548.38
-3545.61
-3540.87
-3542.32
-3545.12
-3544.72
-3541.14
-3539.81
-3544.63
-3541.29
-3541.99
-3546.51
-3549.45
-3542.88
-3542.43
-3543.24
-3542.41
-3542.16
-3538.45
-3540.97
-3539.58
-3536.66
-3540.6
-3539.27
-3537.73
-3538.34
-3538.39
-3545.1
-3538.42
-3541.85
-3539.52
-3541.99
-3544.25
-3542.01
-3544.99
-3547.84
-3551.29
-3552.16
-3550.87
-3548.22
-3550.25
-3550.41
-3547.78
-3551.65
-3556.37
-3557.24
-3555.75
-3558.44
-3557.87
-3562.81
-3564.26
-3559.21
-3554.16
-3552.2
-3556.22
-3554.2
-3554.22
-3555.79
-3560.11
-3562.12
-3563.78
-3562.45
-3560.25
-3561.43
-3557.63
-3558.07
-3559.55
-3560.64
-3559.41
-3558.41
-3558.7
-3558.02
-3559.14
-3557.3
-3554.71
-3557.39
-3556.75
-3557.68
-3556.22
-3554.74
-3552.05
-3554.2
-3552.42
-3551.28
-3552.8
-3554.02
-3551.66
-3552.74
-3553.35
-3551.66
-3553.44
-3553.35
-3553.19
-3559.51
-3558.77
-3554.58
-3557.71
-3561.48
-3557.15
-3556.63
-3553.89
-3555.68
-3559.26
-3557.52
-3556
-3554.16
-3552.71
-3550.68
-3549.2
-3550.54
-3549.13
-3551.35
-3550.45
-3549.94
-3545.39
-3545.59
-3543.8
-3541.67
-3544.45
-3544.68
-3545.26
-3545.44
-3543.89
-3544.27
-3544.53
-3547.38
-3547.4
-3547.14
-3549.07
-3554.44
-3551.72
-3553.31
-3550.07
-3551.75
-3548.99
-3548.98
-3549.5
-3556.12
-3557.7
-3550.78
-3547.33
-3547.96
-3547.74
-3544.63
-3540.19
-3540.13
-3540.05
-3543.23
-3544.14
-3545.74
-3545.46
-3545.67
-3543.06
-3545.58
-3546.79
-3548.43
-3542.61
-3548.68
-3542.26
-3541.67
-3541.93
-3544.13
-3549.65
-3546.6
-3546.63
-3547.89
-3549.92
-3553.05
-3553.61
-3551.59
-3549.49
-3550.22
-3546.76
-3547.78
-3549
-3551.41
-3553.31
-3552.3
-3550.81
-3552.02
-3556.5
-3556.98
-3552.55
-3551.37
-3552.91
-3554.19
-3555.68
-3555.38
-3555.88
-3557.57
-3556.94
-3558.19
-3558.44
-3556.88
-3557.76
-3556.75
-3552.22
-3549.32
-3552.2
-3549.41
-3548.5
-3546.43
-3547.97
-3551.38
-3552.82
-3553.89
-3554.81
-3556.5
-3553.44
-3551.28
-3550.48
-3549.87
-3549.71
-3554.2
-3555.46
-3554.09
-3555.09
-3553.5
-3553.55
-3551.19
-3553.3
-3555.64
-3554.84
-3555.57
-3554.71
-3556.18
-3554.49
-3553.83
-3557.25
-3554.95
-3556.96
-3556.86
-3555.24
-3560.45
-3564.23
-3563.49
-3561.95
-3559.56
-3560.01
-3560.08
-3558.95
-3564.48
-3557.88
-3554.43
-3555.35
-3553.84
-3553.35
-3555.52
-3556.89
-3556.13
-3554.52
-3555.12
-3552.59
-3551.11
-3552.78
-3556.63
-3556.35
-3554.14
-3553.71
-3554.57
-3551.08
-3555.13
-3551.79
-3555.11
-3556.3
-3556.77
-3557.65
-3555.19
-3558.44
-3557.06
-3561.02
-3560.92
-3562.27
-3563.51
-3562.14
-3562.27
-3560.7
-3559.89
-3562.07
-3561.78
-3561.42
-3563.21
-3560.89
-3562.42
-3562.65
-3563.29
-3560.71
-3559.64
-3559.23
-3556.98
-3560.47
-3560.81
-3564.1
-3564.14
-3561.28
-3561.1
-3565.56
-3561.07
-3561.34
-3562.63
-3564.72
-3561.07
-3562.8
-3561.37
-3561.88
-3561.55
-3558.95
-3559.15
-3560.15
-3556.1
-3556.6
-3554.02
-3554.8
-3554.48
-3558.4
-3554.72
-3553.79
-3552.87
-3554.31
-3554.81
-3554.86
-3550.48
-3554.99
-3557.44
-3562.34
-3563.22
-3560.11
-3557.73
-3556.08
-3556.22
-3552.61
-3555.47
-3554.89
-3555.57
-3552.07
-3550.05
-3549.36
-3553.73
-3552.9
-3550.21
-3548.24
-3547.12
-3549.98
-3547.38
-3548.35
-3550.78
-3557.03
-3559.05
-3556.27
-3555.71
-3554.6
-3556.93
-3559.01
-3560.76
-3558.86
-3558.59
-3559.66
-3560.65
-3560.6
-3560.72
-3558.03
-3557.84
-3556.93
-3559.68
-3561.45
-3559.28
-3559.67
-3558.73
-3559.99
-3555.92
-3556.43
-3552.92
-3554.53
-3554.65
-3553.26
-3556.99
-3557.29
-3549.67
-3548.97
-3546.67
-3548.83
-3546.75
-3551.14
-3552.38
-3551.11
-3546.27
-3549.25
-3547.99
-3547.36
-3543.54
-3544.29
-3539.69
-3542.03
-3547.33
-3546.09
-3549.23
-3550.21
-3550.55
-3551.31
-3551.45
-3549.65
-3554.09
-3554.97
-3556.1
-3556.24
-3554.81
-3553.76
-3549.84
-3549.6
-3547.35
-3547.66
-3549.19
-3548.06
-3548.39
-3547.17
-3544.8
-3544.85
-3544.33
-3542.16
-3541.67
-3541.39
-3539.28
-3542.51
-3544.68
-3550.38
-3547.42
-3545.52
-3545.6
-3549.68
-3546.32
-3550.94
-3551.96
-3550.02
-3553.05
-3551.78
-3551.77
-3549.87
-3549.92
-3551.64
-3551.85
-3550.8
-3547.61
-3551.9
-3555.43
-3554.4
-3555.93
-3556.18
-3554.76
-3556.72
-3558.14
-3559.77
-3556.62
-3557.83
-3560.01
-3558.38
-3558.39
-3557.53
-3559.23
-3560.57
-3559.64
-3558.08
-3557.17
-3555.58
-3557.44
-3558.58
-3555.17
-3558.81
-3556.91
-3553.62
-3556.58
-3556.02
-3553.18
-3558.21
-3555.35
-3549.58
-3547.84
-3543.91
-3548.42
-3550.48
-3552.01
-3554.14
-3553.19
-3553.58
-3552.96
-3552.5
-3550.14
-3550.16
-3548.52
-3549.18
-3548.1
-3553.25
-3550.38
-3552.54
-3555.44
-3556.09
-3553.85
-3551.05
-3550.19
-3550.38
-3546.26
-3547.76
-3551.28
-3552.14
-3550.2
-3548.66
-3551.6
-3554.34
-3552.04
-3552.21
-3549.49
-3551.65
-3548.07
-3550.35
-3550.31
-3550.49
-3548.6
-3549.82
-3551.73
-3551.04
-3551.85
-3551.7
-3550.13
-3549.83
-3547.25
-3547.96
-3547.06
-3549.39
-3550.23
-3551.9
-3552.04
-3555.96
-3550.88
-3549.51
-3546
-3541.42
-3544.81
-3546.33
-3544.86
-3545.42
-3547.85
-3545.21
-3545.9
-3544.08
-3546.61
-3547.98
-3547.41
-3545.26
-3550.72
-3545.91
-3546.39
-3547.9
-3547.78
-3549.13
-3552.81
-3552.4
-3552.52
-3550.68
-3546.87
-3548.63
-3548.12
-3548.72
-3550.3
-3552.45
-3553.72
-3552.91
-3552.86
-3556.58
-3555.94
-3556.48
-3556.64
-3557.18
-3553.55
-3554.34
-3548.03
-3550.45
-3550.28
-3545.73
-3547.06
-3548.43
-3549.25
-3549.07
-3548.61
-3548.9
-3548.67
-3546.86
-3549.48
-3546.77
-3545.85
-3545.32
-3546.71
-3544.83
-3543.68
-3544.47
-3548.38
-3550.48
-3554.06
-3552.54
-3553.42
-3552.69
-3554.09
-3553.41
-3551.43
-3548.07
-3550.11
-3555.05
-3552.58
-3553.99
-3553.38
-3552.01
-3552.82
-3555.02
-3554.97
-3553.86
-3549.48
-3552.05
-3550.44
-3548.1
-3548.51
-3546.32
-3542.84
-3543.74
-3541.53
-3543.07
-3541.18
-3540.7
-3545.08
-3541.26
-3542.09
-3545.8
-3542.95
-3542.56
-3543.29
-3545.46
-3547.52
-3547.39
-3549.1
-3549.18
-3544.96
-3545.04
-3544.19
-3545.26
-3545.64
-3544.6
-3546.47
-3547.9
-3551.17
-3555.26
-3550.83
-3551.01
-3548.03
-3547.78
-3547.85
-3546.72
-3544.61
-3544.95
-3547.79
-3547.66
-3549.96
-3549.81
-3550.29
-3548.9
-3547.72
-3547.65
-3549.88
-3550.56
-3549.7
-3551.32
-3548.09
-3548.07
-3551.99
-3550.23
-3549.63
-3550.8
-3548.19
-3549.44
-3545.81
-3548.96
-3548.67
-3548.72
-3550.07
-3547.8
-3547.63
-3549.06
-3551.17
-3552.73
-3554.1
-3554.84
-3552.28
-3551.44
-3552.85
-3553.07
-3554.31
-3555.7
-3557.53
-3554.62
-3553.59
-3548.06
-3549.98
-3550.62
-3550.58
-3547.74
-3548.86
-3542.69
-3543.25
-3543.07
-3540.63
-3540.44
-3540.56
-3539
-3538.12
-3538.89
-3537.72
-3535.29
-3535.77
-3537.34
-3533.34
-3534.34
-3534.7
-3532.72
-3533.37
-3533.41
-3529.57
-3527.51
-3525.97
-3528.73
-3531.58
-3529.95
-3533.84
-3536.24
-3534.64
-3535.87
-3531.61
-3532.69
-3533.58
-3535
-3531.63
-3531.35
-3530.93
-3534.84
-3540.01
-3534.27
-3530.66
-3533.6
-3531.75
-3534.35
-3531.6
-3534.1
-3534.58
-3535.24
-3537.86
-3536.57
-3537.33
-3541.05
-3536.91
-3542.97
-3540.48
-3540.75
-3543.1
-3542.56
-3540.33
-3543.73
-3545.33
-3545.58
-3543.56
-3539.63
-3539.54
-3537.16
-3533.84
-3536.86
-3532.35
-3531.71
-3531.03
-3531.88
-3536.02
-3537.07
-3538.1
-3537.35
-3540.52
-3541.12
-3540.51
-3536.3
-3532.66
-3529.48
-3528.2
-3533.74
-3533.29
-3535.22
-3535.45
-3537.14
-3540.74
-3546.22
-3539.64
-3539.6
-3536.47
-3539.83
-3541.12
-3536.82
-3535.58
-3535.13
-3534.35
-3534.36
-3540.53
-3540.33
-3540.11
-3540.04
-3538.76
-3539.76
-3541.28
-3542.24
-3540.28
-3540.89
-3540.85
-3538.58
-3537.94
-3536.73
-3541.57
-3543.73
-3540.73
-3539.74
-3547.69
-3548.28
-3548.94
-3547.49
-3546.53
-3547
-3546.6
-3546.08
-3545.84
-3541.96
-3536.78
-3537.81
-3535.39
-3532.4
-3537.15
-3540.78
-3546.32
-3544.2
-3540.22
-3539.56
-3540.2
-3539.13
-3539.02
-3539.43
-3540.35
-3539.4
-3540
-3537.61
-3539.75
-3542.26
-3544.95
-3548.37
-3546.28
-3545.15
-3545.88
-3545.18
-3550.06
-3546.32
-3541.45
-3544.92
-3548.06
-3544.36
-3543.19
-3545.33
-3543.89
-3545.44
-3543.8
-3544.94
-3543.22
-3541.52
-3541.05
-3540.64
-3541.04
-3542.54
-3541.64
-3544.48
-3545.49
-3546.07
-3543.1
-3542.92
-3542.5
-3540.61
-3548.87
-3551.39
-3544.49
-3545.84
-3545.86
-3544.16
-3543.03
-3544.14
-3544.29
-3539.66
-3539.4
-3542.38
-3542.93
-3544.36
-3548.59
-3547.27
-3549.49
-3546.71
-3545.13
-3549.16
-3551.34
-3551.67
-3549.31
-3547.84
-3548.31
-3550.58
-3550.64
-3547.1
-3543.47
-3543.85
-3542.99
-3545.78
-3546.76
-3543.45
-3547.99
-3546.13
-3543.88
-3546.09
-3549.31
-3550.6
-3549.9
-3552.11
-3548.42
-3546.81
-3550.02
-3549.31
-3548.61
-3546.78
-3548.31
-3549.44
-3550.66
-3551.93
-3554.28
-3551.72
-3549.01
-3548.55
-3548.2
-3558.42
-3550.95
-3544.86
-3547.15
-3544.25
-3549.08
-3550.47
-3549.81
-3552.02
-3547.46
-3542.05
-3542.43
-3543.63
-3540.17
-3542.32
-3544.01
-3545.2
-3543.78
-3542.68
-3547.2
-3544.25
-3547.76
-3544.25
-3542.48
-3542.68
-3541.7
-3540.89
-3544.28
-3545.63
-3543.93
-3543.57
-3543.25
-3543.08
-3546.14
-3546.29
-3547.02
-3541.41
-3539.5
-3544.93
-3542.77
-3544.65
-3549.54
-3552.66
-3551.95
-3551.11
-3548.81
-3550.13
-3552.57
-3547.98
-3549.65
-3549
-3548.32
-3550.1
-3547.55
-3548.84
-3549.61
-3550.95
-3550.9
-3552.3
-3550.07
-3552
-3550.51
-3555.63
-3553.76
-3553.81
-3552.49
-3552.37
-3549.55
-3548.47
-3549.08
-3550.83
-3547.33
-3552.08
-3553.24
-3553.19
-3552.42
-3555.91
-3552.87
-3553.78
-3556.38
-3559.36
-3556.86
-3564.5
-3559.2
-3560.05
-3563.61
-3563.9
-3562.49
-3560.19
-3558.65
-3554.29
-3554.32
-3554.05
-3554.97
-3554.87
-3554.24
-3553.25
-3559.66
-3563.35
-3559.8
-3562.18
-3557.42
-3558.18
-3555.52
-3557.09
-3558.35
-3561.6
-3560.82
-3564.73
-3562.83
-3558.07
-3550.92
-3549.85
-3553.59
-3548.51
-3546.18
-3545.77
-3547.34
-3547.37
-3550.88
-3547.43
-3550.84
-3549.7
-3545.49
-3547.58
-3550.03
-3546.93
-3547.36
-3548.1
-3548.18
-3552.93
-3552.53
-3550.35
-3548.5
-3548.99
-3545.24
-3544.9
-3545.04
-3547.7
-3549.18
-3548
-3548.26
-3553.48
-3553.76
-3556.1
-3555.22
-3554.3
-3554.42
-3551.66
-3555.66
-3553.04
-3552.46
-3552.23
-3553.7
-3552.81
-3550.93
-3553.83
-3553.08
-3556.58
-3555.94
-3556.65
-3551.76
-3550.52
-3551.14
-3550.62
-3549.2
-3549.9
-3552.9
-3551.69
-3550.76
-3548.22
-3547.81
-3547.24
-3548.61
-3545.73
-3547.73
-3548.58
-3549.32
-3551.12
-3548.72
-3549.25
-3549.3
-3547
-3548.34
-3550.37
-3548.7
-3549.27
-3547.11
-3547.01
-3546.86
-3551.36
-3550.35
-3549.91
-3551.28
-3548.61
-3550.22
-3554.99
-3551.88
-3551.1
-3553.01
-3553.43
-3552.68
-3553.38
-3556.5
-3558.07
-3557.4
-3556.34
-3558.21
-3555.18
-3553.97
-3554.33
-3552.39
-3553.04
-3552.65
-3550.89
-3549.26
-3546.32
-3549.42
-3549.3
-3547.96
-3548.72
-3550.42
-3549.75
-3552.48
-3553.74
-3553.21
-3553.42
-3553.26
-3556.77
-3555.71
-3554.16
-3552.35
-3550.79
-3550.78
-3547.98
-3549.25
-3548.83
-3550
-3548.41
-3547.17
-3548.47
-3554.13
-3553.4
-3552.01
-3553.71
-3551.86
-3554.92
-3555.02
-3557.79
-3559.44
-3558.45
-3557.14
-3556.83
-3554.39
-3550.72
-3548.72
-3550.65
-3553.08
-3549.9
-3552.07
-3552.38
-3550.51
-3551.45
-3547.37
-3551.02
-3552.14
-3552.82
-3555.11
-3553.91
-3554.61
-3553
-3556.81
-3554.42
-3547.74
-3555.46
-3558.18
-3558.85
-3559.47
-3557.05
-3556.32
-3557.17
-3556.92
-3556.8
-3558.57
-3555.9
-3553.64
-3551.37
-3556.05
-3556.11
-3556.97
-3560.47
-3556.91
-3559.01
-3556.24
-3558.1
-3564.15
-3563.53
-3561.98
-3559.98
-3558.57
-3556.99
-3553.97
-3556.08
-3554.61
-3554.61
-3556.27
-3556.41
-3560.06
-3558.06
-3554.87
-3552.41
-3549.96
-3551.41
-3553.73
-3554.97
-3557.3
-3558.94
-3555.02
-3556.42
-3558.85
-3562.81
-3563.26
-3562.56
-3558.89
-3559.57
-3558.76
-3555.61
-3556.23
-3552.89
-3553.44
-3554.57
-3559.89
-3561.38
-3557.31
-3559.34
-3560.58
-3559.39
-3559.84
-3557.99
-3560.44
-3559.8
-3558.34
-3555.95
-3558.2
-3561.57
-3561.66
-3559.88
-3559.57
-3558.42
-3558.98
-3558.86
-3560.08
-3561.18
-3564
-3565.59
-3565.02
-3563.35
-3561.12
-3561.65
-3561.27
-3555.97
-3559.87
-3560.27
-3559.92
-3558.43
-3559.63
-3557.25
-3556.1
-3555.04
-3554.03
-3556.47
-3561.46
-3559.51
-3560.78
-3556.95
-3556.06
-3555.16
-3555.41
-3555.09
-3554.44
-3554.21
-3555.6
-3554.91
-3551.99
-3551.7
-3548.56
-3548.18
-3547.07
-3548.82
-3546.94
-3545.63
-3544.87
-3545.76
-3544.85
-3549.51
-3547.82
-3545.8
-3544.35
-3545.46
-3548.1
-3549.63
-3548.81
-3546.74
-3547.48
-3549.38
-3550.77
-3552.11
-3550.86
-3552.25
-3553.37
-3553.49
-3559.14
-3555.09
-3553.53
-3552.69
-3553.11
-3552.52
-3549.01
-3550.46
-3549.72
-3550.06
-3552.28
-3551.38
-3550.56
-3553.31
-3553.55
-3554.52
-3553.82
-3549.76
-3548.2
-3547.67
-3546.93
-3546.66
-3545.89
-3544.89
-3545.42
-3543.47
-3543.73
-3543.44
-3545.97
-3543.93
-3543.73
-3540.59
-3541.06
-3545.98
-3545.85
-3547.75
-3549.41
-3547.34
-3550.3
-3548.76
-3549.8
-3548.37
-3547.02
-3546.96
-3548.33
-3548.55
-3548.45
-3548.88
-3544.4
-3544
-3542.58
-3545.64
-3547.02
-3548.86
-3550.19
-3548.26
-3548.4
-3547.59
-3550.84
-3547.98
-3543.84
-3545.12
-3550.14
-3547.72
-3547.31
-3547.19
-3548.21
-3554.3
-3555.87
-3558.68
-3555.72
-3555.95
-3554.62
-3547.32
-3547.5
-3547.9
-3546.37
-3542.2
-3544.32
-3545.85
-3542.33
-3545.32
-3545.81
-3543.98
-3539.82
-3539.58
-3538.93
-3538.97
-3534.65
-3537.36
-3536.92
-3538.65
-3538.95
-3541.92
-3539.68
-3542.08
-3539.51
-3547.52
-3553.03
-3550.35
-3551.18
-3549.4
-3546.59
-3545.37
-3542.94
-3543.22
-3540.24
-3540.4
-3540.69
-3545.05
-3549.77
-3546.83
-3547.28
-3546
-3546.37
-3548.11
-3547.71
-3545.48
-3547.23
-3546.28
-3543.54
-3542.57
-3546.24
-3547.56
-3547.2
-3548.18
-3552.66
-3554.28
-3554.56
-3552.72
-3554.57
-3549.1
-3544.86
-3545.88
-3550.69
-3552.08
-3550.72
-3548.14
-3545.4
-3545.46
-3543.59
-3545.1
-3545.93
-3548.7
-3546.46
-3545.3
-3545.36
-3546.92
-3550.8
-3550.28
-3549.66
-3548.01
-3548.02
-3546.84
-3547.33
-3543.74
-3546.32
-3546.3
-3545.42
-3542.87
-3544.71
-3544.68
-3543.43
-3545.82
-3550.46
-3548.07
-3549.28
-3548.01
-3546.81
-3548.32
-3546.57
-3552.61
-3551.27
-3551.17
-3545.18
-3545.66
-3544.2
-3542.07
-3541.84
-3540.54
-3539.18
-3539.35
-3538.25
-3533.77
-3535.78
-3540.48
-3539.18
-3538.75
-3543.01
-3538.36
-3542.48
-3542.17
-3545.62
-3542.16
-3541.98
-3544.87
-3544.1
-3545.03
-3543.08
-3540.5
-3540.5
-3545.19
-3545.06
-3542.33
-3543.49
-3545.18
-3546.34
-3550.76
-3551.55
-3551.96
-3546.83
-3552.97
-3544.37
-3543.69
-3543.19
-3546.47
-3544.66
-3536.32
-3545.21
-3542.15
-3536.49
-3538.17
-3537.98
-3541.78
-3540.05
-3541.12
-3542.61
-3540.51
-3546.11
-3549.46
-3547.05
-3540.09
-3542.62
-3546.53
-3544.82
-3548.03
-3549.48
-3548.89
-3549.5
-3548.53
-3547.41
-3549.42
-3542.75
-3543.37
-3539.96
-3544.75
-3542.67
-3544.16
-3544.44
-3543.99
-3548.24
-3546.29
-3543.06
-3543.32
-3544.46
-3544.78
-3549.32
-3548.36
-3548.22
-3545.87
-3546.76
-3545.72
-3545.76
-3546.98
-3546.53
-3548.8
-3548.39
-3548.66
-3551.39
-3547.75
-3544.48
-3546.56
-3549.01
-3545.8
-3546.49
-3544.06
-3544.46
-3545.77
-3541.43
-3545.54
-3543.05
-3545.85
-3545.14
-3544.71
-3547.46
-3541.38
-3543.83
-3543.68
-3543.35
-3540.94
-3543.41
-3542.92
-3540.16
-3539.1
-3540.36
-3542.41
-3543.8
-3545.65
-3545.71
-3547.51
-3549.71
-3547.52
-3540.95
-3541.85
-3541.05
-3541.93
-3543.28
-3540.45
-3542.61
-3542.61
-3537.77
-3537.26
-3539.57
-3539.34
-3539.52
-3538.86
-3540.12
-3539.38
-3541.89
-3545.67
-3546.88
-3545.5
-3547.56
-3545.96
-3540.87
-3540.9
-3538.92
-3545.09
-3550.44
-3552.54
-3551.79
-3548.5
-3549.26
-3549.21
-3544.13
-3544.6
-3539.04
-3535.99
-3534.22
-3530.91
-3532.25
-3530.33
-3532.19
-3531.13
-3529.25
-3531.71
-3536.55
-3533.98
-3536.08
-3538.93
-3537.29
-3536.75
-3538.4
-3535.29
-3538.47
-3534.04
-3530.36
-3530.47
-3531.85
-3533.84
-3533.3
-3530.37
-3526.62
-3528.43
-3530.07
-3530.06
-3526.43
-3524.94
-3527.55
-3527.22
-3524.87
-3523.95
-3527.6
-3526.87
-3527.85
-3524.24
-3526.7
-3527.72
-3525.34
-3527.8
-3524.78
-3525.87
-3529.05
-3528.72
-3526.69
-3527.45
-3526.17
-3528.03
-3529.91
-3529.89
-3524.87
-3525.4
-3529.1
-3527.72
-3531.89
-3527.59
-3534.02
-3534.8
-3540.75
-3539.84
-3530.95
-3530.12
-3531.14
-3531.78
-3535.1
-3538.53
-3541.52
-3544.24
-3546.67
-3541.63
-3535.34
-3533.97
-3534.99
-3531.55
-3530.03
-3531.51
-3528.95
-3533.29
-3533.15
-3534.66
-3538.51
-3540.04
-3539.8
-3537.59
-3537.33
-3538.38
-3538.89
-3542.55
-3544.9
-3540.54
-3541.52
-3543.76
-3543.16
-3539.08
-3547.23
-3549.52
-3549.97
-3551.24
-3545.66
-3541.42
-3536.66
-3535.93
-3538.42
-3535.03
-3533.73
-3536.79
-3535.66
-3538.94
-3538.91
-3540.64
-3540.98
-3542.93
-3545.47
-3543.54
-3544.63
-3548.55
-3550.34
-3548.67
-3546.58
-3550.99
-3551.8
-3552.48
-3552.79
-3546.45
-3544.98
-3544.57
-3541.62
-3542.06
-3545.25
-3550.47
-3550.13
-3547.88
-3546.19
-3546.13
-3548.3
-3549.19
-3551.56
-3546.66
-3546.6
-3545.34
-3547.29
-3545.35
-3547.98
-3546.5
-3547.02
-3549.38
-3550.74
-3547.92
-3544.46
-3542.41
-3544.41
-3544.05
-3542.53
-3542.16
-3550.22
-3549.62
-3542.79
-3540.17
-3541.61
-3540.48
-3540.02
-3535.76
-3539.51
-3536.63
-3536.02
-3538.45
-3540.36
-3543.4
-3542.1
-3547.37
-3544.68
-3545.73
-3546.72
-3544.45
-3544.01
-3544.86
-3545.75
-3542.26
-3543.45
-3545.14
-3547.24
-3547.29
-3547.25
-3548.17
-3547.99
-3547
-3546.05
-3552.05
-3551.23
-3549.63
-3551.63
-3546.32
-3548.23
-3546.54
-3545.11
-3544.37
-3545.12
-3549.06
-3550.36
-3549.1
-3549.42
-3549.69
-3553.56
-3557.2
-3553.33
-3552.72
-3558.73
-3556.34
-3555.1
-3552.02
-3546.47
-3547.34
-3547.72
-3545.17
-3547.09
-3546.1
-3543.16
-3544.42
-3544.49
-3541.9
-3540.49
-3542.96
-3537.2
-3535.95
-3535.49
-3537.85
-3536.89
-3539.33
-3536.55
-3537.99
-3542.69
-3539.77
-3541.07
-3543.77
-3546.58
-3544.09
-3543.5
-3542.95
-3543.68
-3540.1
-3540.56
-3538.16
-3540.43
-3542.96
-3545.1
-3552.02
-3547.5
-3550.56
-3544.17
-3543.96
-3541.64
-3539.68
-3540.32
-3543.35
-3543.63
-3542.85
-3540.55
-3536.47
-3539.19
-3541.38
-3542.81
-3544.16
-3539.33
-3540.97
-3543.23
-3546.18
-3548.04
-3541.49
-3541.04
-3541.55
-3544.64
-3545.87
-3544.62
-3545.82
-3543.99
-3551.2
-3550.25
-3546.35
-3543.36
-3543.12
-3542.6
-3541.93
-3544.83
-3543.84
-3544.66
-3546.67
-3546.32
-3546.14
-3545.27
-3546.58
-3544.53
-3542.42
-3545.33
-3544.6
-3540.25
-3543.93
-3539.93
-3541.63
-3540.36
-3537.64
-3538.2
-3539.09
-3542.53
-3541.21
-3542.68
-3544.07
-3546.63
-3544.13
-3544.22
-3541.92
-3545.84
-3546.84
-3542.57
-3546.04
-3543.39
-3544.48
-3541.73
-3543.03
-3538.97
-3541.08
-3536.55
-3536.97
-3540.39
-3541.47
-3545.47
-3541.67
-3537.39
-3543.28
-3543.09
-3541.79
-3542.64
-3540.46
-3536.38
-3538.14
-3538.41
-3541.33
-3542.18
-3538.2
-3541.74
-3536.84
-3533.2
-3533.98
-3536.5
-3533.48
-3533.5
-3535.1
-3533.35
-3538.49
-3537.2
-3540.15
-3541.22
-3539.82
-3544.55
-3542.87
-3544.41
-3544.32
-3541.93
-3537.12
-3536.95
-3537.25
-3535.98
-3536.51
-3540.58
-3542.6
-3539.14
-3538.06
-3538.68
-3541.32
-3540.77
-3542.62
-3550.16
-3550.94
-3547.37
-3546.52
-3546.55
-3544.86
-3546.08
-3546.66
-3545.27
-3542.87
-3542.68
-3549.1
-3550.85
-3551.47
-3551.16
-3550.18
-3548.18
-3548.13
-3553.26
-3551.38
-3549.17
-3553.11
-3554.74
-3555.57
-3555.42
-3555.82
-3552.02
-3553.71
-3550.25
-3549.87
-3546.33
-3548.75
-3549.03
-3550.28
-3548.52
-3548.63
-3545.42
-3545.15
-3545.63
-3546.79
-3545.15
-3547.56
-3545.08
-3547.41
-3545.08
-3546.1
-3541.02
-3541.48
-3543.84
-3547.29
-3550.65
-3550.77
-3554.8
-3551.7
-3555.43
-3554.67
-3555.67
-3552.68
-3553.42
-3554.42
-3554.88
-3554.07
-3550.1
-3552.45
-3543.64
-3545.1
-3548.99
-3548.31
-3547.69
-3547.67
-3547.5
-3550.52
-3548.96
-3547.51
-3546.05
-3544.68
-3543.61
-3541.3
-3544.65
-3545.87
-3541.74
-3538.51
-3544.51
-3547.86
-3549.26
-3546.65
-3552.31
-3548.86
-3542.27
-3542.54
-3541.32
-3542.96
-3541.38
-3542.11
-3538.52
-3539.3
-3540.91
-3542.2
-3538.95
-3535.19
-3538.27
-3536.37
-3538.66
-3543.74
-3543.28
-3544.08
-3538.93
-3539.53
-3539.87
-3539.66
-3541.44
-3536.61
-3535.77
-3535.3
-3533.28
-3530.4
-3534.42
-3531.11
-3534.33
-3530.81
-3531.06
-3530.82
-3530.36
-3534.06
-3532.71
-3535.45
-3534.51
-3530.01
-3537.46
-3540.87
-3536.22
-3540.93
-3540.96
-3532.79
-3529.74
-3536.36
-3538.6
-3544.33
-3542.29
-3544.75
-3546.26
-3543.48
-3542.38
-3545.39
-3543.07
-3539.76
-3540.74
-3541.7
-3543.05
-3543.23
-3539.33
-3541.55
-3542.62
-3541.79
-3542.71
-3535.81
-3544.53
-3545.66
-3541.35
-3543.64
-3543.52
-3539.26
-3542.23
-3544.24
-3546.07
-3546.29
-3544.67
-3547.29
-3551.55
-3547.71
-3543.94
-3542.29
-3542.59
-3542.73
-3540.03
-3538.44
-3542.62
-3542.18
-3542.38
-3546.22
-3549.09
-3547.57
-3548.18
-3549.28
-3551.36
-3550.83
-3548.96
-3541.09
-3546.87
-3544.79
-3543
-3542.89
-3537.37
-3537.42
-3540.7
-3538.86
-3542.61
-3538.46
-3538.83
-3534.22
-3533.21
-3534.74
-3535.32
-3536.67
-3533.06
-3529.4
-3530.39
-3527.79
-3526.75
-3528.9
-3533.27
-3533.79
-3528.71
-3531.62
-3536.71
-3533.72
-3528.17
-3527.46
-3528.05
-3524.31
-3528.21
-3525.62
-3529.48
-3527.16
-3528.73
-3524.95
-3525.69
-3525.04
-3524.6
-3528.32
-3524.22
-3526.24
-3525.48
-3528.1
-3527.77
-3529.06
-3540.48
-3541.17
-3531.27
-3533.59
-3529.24
-3531.75
-3529.07
-3527.48
-3527.94
-3527.44
-3524.63
-3523.12
-3523.94
-3522.98
-3527.24
-3528.4
-3528.7
-3528.74
-3530.81
-3526.71
-3530.41
-3533.65
-3529.29
-3525.9
-3522.78
-3522.65
-3524.21
-3529.86
-3524.51
-3529.98
-3525.81
-3528.15
-3531.22
-3531.06
-3529.39
-3536.49
-3534.8
-3539.78
-3536.46
-3535.79
-3533.43
-3530.74
-3533.34
-3533.67
-3534.65
-3530.06
-3529.31
-3532.14
-3533.04
-3532.64
-3531.03
-3536.25
-3532.4
-3531.04
-3533.95
-3529.66
-3528.64
-3535.55
-3530.97
-3531.54
-3534.08
-3531.69
-3531.1
-3530.42
-3531.58
-3537.47
-3538.21
-3539.75
-3538.89
-3539.38
-3538.95
-3538.75
-3538.99
-3534.14
-3533.85
-3532.59
-3534.04
-3537.58
-3534.98
-3537.65
-3537.43
-3534.84
-3540.62
-3541.44
-3538.86
-3539.86
-3536.44
-3537.53
-3542.37
-3542.25
-3542.27
-3546.11
-3549.39
-3543.69
-3540.37
-3541.2
-3540.04
-3537.98
-3540.56
-3542.9
-3542.8
-3541.43
-3544.49
-3539.5
-3538.81
-3540.75
-3541.44
-3539.92
-3544.29
-3541.57
-3543.67
-3543.7
-3539.3
-3538.7
-3544.11
-3536.87
-3540.84
-3540.62
-3539.09
-3536.86
-3536.28
-3535.97
-3537.59
-3535.11
-3532.19
-3538.22
-3536.63
-3535.54
-3539.22
-3535.76
-3533.03
-3535.43
-3535.49
-3536.6
-3535.87
-3536.18
-3533.39
-3533.18
-3535.14
-3536.02
-3534.25
-3534.37
-3531.51
-3530.14
-3531.42
-3533.06
-3538.34
-3538.1
-3539.65
-3540.38
-3542.6
-3541.98
-3537.72
-3541.89
-3539.54
-3537.99
-3538.96
-3540.03
-3538.84
-3537.73
-3538.4
-3536.53
-3539.3
-3540.77
-3539.48
-3539.22
-3539.52
-3539
-3536.02
-3533.94
-3536.4
-3533.8
-3536.15
-3538.56
-3536.48
-3538.39
-3541.54
-3541.18
-3538.16
-3538.54
-3540.7
-3538.12
-3538.63
-3536.43
-3534.41
-3535.57
-3539.3
-3545.8
-3542.88
-3543.06
-3543.2
-3544.45
-3547.15
-3544.66
-3543.13
-3544.84
-3539.97
-3540.93
-3544.05
-3543.57
-3542.44
-3543.98
-3547.61
-3549.28
-3547.2
-3547.32
-3551.4
-3550.38
-3548.78
-3546.28
-3547.28
-3547.9
-3547.5
-3546.47
-3548.94
-3551.62
-3554.54
-3551.79
-3548
-3547.14
-3545.32
-3547.64
-3547.71
-3548.18
-3550.78
-3548.47
-3543.39
-3543
-3541.14
-3541.06
-3540.98
-3543.69
-3544.88
-3543.86
-3541.44
-3542.46
-3542.49
-3545.83
-3545.07
-3547.95
-3548.99
-3551.91
-3547.37
-3542.43
-3541.95
-3540.61
-3540.17
-3538.07
-3541.26
-3540.83
-3535.21
-3533.81
-3537.96
-3538.05
-3539.07
-3540.02
-3537.85
-3534.97
-3533.54
-3535.41
-3536.57
-3540.05
-3539.05
-3537.72
-3538.28
-3538.29
-3535.95
-3538.98
-3540.8
-3538.95
-3539.72
-3541.97
-3543.08
-3544.02
-3541.85
-3545.05
-3541.4
-3538.95
-3540.88
-3540.18
-3539.9
-3540.23
-3539.94
-3535.31
-3536.95
-3537.49
-3538.22
-3541.16
-3533.66
-3535.11
-3538.22
-3538.78
-3533.99
-3532.82
-3534.53
-3537.5
-3539.22
-3544.09
-3545.12
-3549.22
-3542.68
-3546.2
-3550.43
-3546.67
-3548.1
-3547.9
-3547.06
-3548.65
-3543.97
-3547.33
-3552.63
-3542.65
-3544.53
-3545.14
-3545.65
-3545.17
-3542.93
-3542.92
-3543.16
-3543.31
-3544.36
-3545.31
-3545.6
-3545.3
-3543.54
-3544.91
-3544.69
-3543.87
-3547.09
-3545.87
-3546.28
-3550.51
-3550.08
-3550.46
-3553.58
-3553.19
-3554.53
-3552.21
-3551.45
-3550.75
-3553.93
-3551.98
-3556.05
-3555.55
-3553.57
-3554.31
-3551
-3548.36
-3546.16
-3544.5
-3544.96
-3545.14
-3550.13
-3552.2
-3548.76
-3548.78
-3547.82
-3546.69
-3547.16
-3545.72
-3547.4
-3546.73
-3550.09
-3547.5
-3551.95
-3549.75
-3545.18
-3546.56
-3544.89
-3544.77
-3547.99
-3546.84
-3551.05
-3548.11
-3547.08
-3546.22
-3547.37
-3545.56
-3544.52
-3543.72
-3542.36
-3545.14
-3543.59
-3546.15
-3542.2
-3545.27
-3548.1
-3551.3
-3550.74
-3553.21
-3552.57
-3548.22
-3549.15
-3551.67
-3548.45
-3554.55
-3551.76
-3550.51
-3549.57
-3548.43
-3548.53
-3548.89
-3547.3
-3548.11
-3546.65
-3547.29
-3547.24
-3543.86
-3544.96
-3543.07
-3542.93
-3544
-3543.18
-3548.75
-3546.98
-3546.51
-3543.47
-3543.77
-3540.69
-3542.95
-3542.75
-3543.7
-3543.04
-3544.76
-3548.17
-3549.72
-3545.61
-3547.21
-3542.77
-3546.47
-3541.94
-3544.79
-3544.39
-3543
-3542.81
-3543.08
-3541.85
-3545.94
-3543.58
-3543.31
-3550.18
-3548.06
-3551.47
-3547.53
-3551.81
-3550.7
-3549.49
-3547.34
-3548.81
-3550.51
-3546.04
-3543.31
-3542.01
-3537.6
-3539.67
-3535.21
-3539.42
-3539.56
-3538.44
-3538.61
-3540.33
-3537.96
-3540.7
-3541.55
-3540.47
-3538.7
-3540.48
-3543.42
-3544.82
-3542.8
-3542.82
-3542.7
-3542.44
-3538.69
-3545.66
-3544.94
-3543.95
-3542.27
-3537
-3536.09
-3533.63
-3534.04
-3538.95
-3544.42
-3544.11
-3538.44
-3537.58
-3540.57
-3539.43
-3533.44
-3531.47
-3535.36
-3534.15
-3533.25
-3533.35
-3539.17
-3537.05
-3540.12
-3544.2
-3544.46
-3543.84
-3540.07
-3540.68
-3541.3
-3541.34
-3536.34
-3540.57
-3540.71
-3542.03
-3542.56
-3541.8
-3543.83
-3546.58
-3541.57
-3544.7
-3545.27
-3544.77
-3546.72
-3545.76
-3546.94
-3544.5
-3542.98
-3544
-3544.16
-3548.72
-3549.22
-3547.94
-3547.96
-3546.25
-3544
-3544
-3543.97
-3544.44
-3543.55
-3544.91
-3541.24
-3543.74
-3542.31
-3543.11
-3547.09
-3548.37
-3549.25
-3548.56
-3548.78
-3551.91
-3553.41
-3551.51
-3550.15
-3555.52
-3552.06
-3549.2
-3547.49
-3549.46
-3546.82
-3549.58
-3550.55
-3555.45
-3548.35
-3548.99
-3546.43
-3547.45
-3544.81
-3547.4
-3544.08
-3541.26
-3544.27
-3547.51
-3548.39
-3547.75
-3546.58
-3545.78
-3542.9
-3546.15
-3541.91
-3544.39
-3543.07
-3541.83
-3545.86
-3542.02
-3545.48
-3542.7
-3544.21
-3546.35
-3540.07
-3542.28
-3546.57
-3543.95
-3547.48
-3544.6
-3545.69
-3544.63
-3543.57
-3544.61
-3544.94
-3545.82
-3545.31
-3545.39
-3547.11
-3551.89
-3553.8
-3553.56
-3553.89
-3549.59
-3554.11
-3548.47
-3549.28
-3548.25
-3545.49
-3546.63
-3547.43
-3547.86
-3549.41
-3548.36
-3545.99
-3545.43
-3543.95
-3540.96
-3542.81
-3543.96
-3542.76
-3539.3
-3540.08
-3541.08
-3543.61
-3546.98
-3548.9
-3551.55
-3557.68
-3553.16
-3550.25
-3548.73
-3545.97
-3546.74
-3546.1
-3549.64
-3546.85
-3548.57
-3542.26
-3541.78
-3541.19
-3542.19
-3543.24
-3538.29
-3540.87
-3541.21
-3546.35
-3544.53
-3541.68
-3539.88
-3542.85
-3541.67
-3542.73
-3546.61
-3547.11
-3546.76
-3548.04
-3544.87
-3544.93
-3546.07
-3541.37
-3539.74
-3539.48
-3541.14
-3543.07
-3543.96
-3544.55
-3544.33
-3546.53
-3546.67
-3546.14
-3547.43
-3550.71
-3544.71
-3543.76
-3539.57
-3539.64
-3539.77
-3538.23
-3539.45
-3540.38
-3542.54
-3542.76
-3540.8
-3536.87
-3540
-3540.9
-3537.65
-3538.58
-3533.6
-3532.52
-3534.95
-3535.97
-3537.49
-3536.82
-3535.91
-3535.05
-3533.79
-3537.7
-3534.5
-3532.58
-3534.26
-3532.33
-3536.02
-3534.93
-3532.24
-3535.87
-3536.18
-3535.83
-3535.72
-3532.14
-3533
-3529.13
-3527.63
-3531.94
-3529.36
-3528.71
-3532.03
-3528.24
-3526.46
-3530.57
-3529.2
-3532.17
-3528.63
-3532.74
-3535.03
-3537.2
-3536.18
-3539.09
-3547
-3540.59
-3536.16
-3536.39
-3533.82
-3527.83
-3532.78
-3532.09
-3532.74
-3533.72
-3537.42
-3535.39
-3533.54
-3534.16
-3532.54
-3532.67
-3535.15
-3533.67
-3533.85
-3534.07
-3532.29
-3530.76
-3532.38
-3537.91
-3540.26
-3540.05
-3538.68
-3536.38
-3544.21
-3537.52
-3536.71
-3538.61
-3540.62
-3534.29
-3534.51
-3534.22
-3537.81
-3535.36
-3533.32
-3535.3
-3535.21
-3532.36
-3534.86
-3532.82
-3532.53
-3533.71
-3535.89
-3542.29
-3541.85
-3541.4
-3540.91
-3538.23
-3536.89
-3543.53
-3543.55
-3543.53
-3547.52
-3551.27
-3549.33
-3547.34
-3546.66
-3542.89
-3546.32
-3549.59
-3544.67
-3545.51
-3544.36
-3544.75
-3548.21
-3545.95
-3548.54
-3546.64
-3544.37
-3542.62
-3543.25
-3542.15
-3539.64
-3541.3
-3541.76
-3543.59
-3539.72
-3542
-3540.91
-3545.06
-3544.72
-3543.26
-3542.84
-3541.55
-3544.06
-3544.61
-3543.9
-3541.48
-3541.23
-3541.25
-3538.03
-3541.47
-3542.43
-3544.98
-3549.74
-3551.22
-3550.03
-3549.61
-3549.99
-3550.54
-3551.17
-3549.51
-3546.26
-3547.09
-3543.96
-3543.64
-3546.82
-3546.77
-3545.53
-3549.57
-3558.68
-3556.68
-3553.66
-3553.34
-3551.56
-3555.33
-3557.49
-3554.68
-3552.76
-3556.44
-3554.76
-3552.77
-3554.28
-3552.56
-3555.53
-3556.08
-3558.84
-3557.96
-3557.31
-3559.18
-3560.54
-3561.24
-3556.93
-3554.07
-3555.06
-3552.83
-3551.48
-3549.97
-3549.1
-3548.09
-3549.38
-3552.5
-3553
-3550.98
-3553.48
-3553.89
-3554.38
-3557.56
-3553.6
-3552.06
-3552.89
-3550.58
-3551.4
-3553.04
-3552.67
-3550.09
-3552.46
-3550.85
-3553.23
-3552.57
-3553.21
-3555.81
-3554.79
-3553.5
-3555.65
-3556.83
-3556.18
-3552.65
-3554.28
-3552.92
-3553.65
-3552.08
-3550.44
-3551.14
-3547.42
-3546.98
-3550.52
-3549.76
-3550.33
-3550.54
-3554.84
-3553.07
-3548.03
-3550.26
-3551.79
-3548.85
-3552.19
-3551.49
-3552.74
-3551.43
-3548.06
-3547.52
-3549.51
-3551.14
-3550.57
-3551.91
-3552.81
-3554.41
-3553.58
-3551.7
-3549.97
-3551.01
-3551.23
-3550.22
-3550.72
-3550.9
-3547.37
-3551.92
-3551.36
-3550.64
-3550.12
-3549.68
-3549.65
-3550.42
-3554.39
-3550.9
-3549.92
-3551.84
-3549.66
-3548.17
-3550.63
-3550.33
-3551.7
-3550.4
-3548.69
-3551.01
-3547.86
-3547.59
-3550.24
-3550.83
-3548.83
-3548.16
-3548.82
-3547.67
-3546.66
-3546.2
-3550.61
-3546.59
-3545.83
-3546.25
-3547.19
-3547.49
-3544.96
-3550.28
-3545.65
-3546.64
-3544.57
-3545.44
-3545.45
-3549.15
-3545.78
-3545.41
-3545.83
-3546.19
-3544.9
-3548.66
-3549.99
-3554.63
-3549.93
-3547.86
-3554.89
-3554.28
-3555.77
-3553.51
-3557.43
-3557.23
-3548.97
-3546.84
-3543.39
-3542.45
-3542.36
-3540.71
-3546.7
-3547.77
-3544.4
-3544.02
-3542.26
-3540.32
-3543.07
-3541.74
-3545.82
-3547.86
-3549.86
-3543.61
-3546.2
-3549.6
-3547.55
-3545.08
-3540.85
-3536.98
-3535.4
-3538.97
-3539.72
-3533.12
-3536.09
-3537.69
-3543.54
-3541.63
-3538.4
-3537.03
-3539.13
-3538.16
-3538.35
-3536.05
-3535.12
-3542.37
-3542.75
-3539.82
-3546.78
-3545.16
-3543.57
-3543.2
-3543.01
-3546.78
-3547.82
-3552.48
-3546.45
-3552.13
-3548.19
-3545.92
-3546.37
-3547.66
-3548.91
-3546.57
-3542.93
-3540.52
-3535.73
-3536.26
-3537.27
-3537.74
-3540.82
-3536.27
-3538.17
-3541.06
-3541.32
-3539.07
-3543.1
-3547.04
-3549.6
-3544.1
-3543.79
-3545.3
-3542.74
-3546.49
-3545.21
-3545.73
-3544.81
-3543.86
-3541.53
-3541.45
-3542.16
-3543.58
-3544.51
-3542.82
-3549
-3545.59
-3548.15
-3547.69
-3542.96
-3543.15
-3543.07
-3542.64
-3545.49
-3544.23
-3541.13
-3545.01
-3544.18
-3548.43
-3549.91
-3547.33
-3551.75
-3551.04
-3547.59
-3546.93
-3543.27
-3542.52
-3539.6
-3540.43
-3542.87
-3540.57
-3545.28
-3545.75
-3543.93
-3546.01
-3542.12
-3546.82
-3550.31
-3550
-3547.61
-3539.1
-3537.43
-3537.59
-3537.79
-3536.26
-3538.64
-3542.13
-3542.21
-3542.18
-3540.59
-3540.98
-3537.04
-3538.98
-3543.05
-3541.12
-3542.42
-3538.61
-3539.23
-3540.61
-3539.64
-3540.71
-3537.58
-3538.98
-3539.1
-3543.48
-3543.92
-3543.61
-3546.64
-3543.48
-3542.18
-3544.12
-3545.41
-3542.73
-3544.02
-3541.23
-3540.82
-3547.05
-3540.66
-3544.39
-3545.74
-3537.58
-3539.75
-3534.53
-3535.44
-3534.92
-3534.42
-3539.45
-3541.16
-3542.61
-3540.02
-3543.25
-3541.35
-3545.12
-3545.02
-3545.61
-3542.7
-3545.92
-3547.42
-3548.07
-3547.64
-3546.38
-3547.93
-3548.47
-3545.69
-3556.57
-3558.58
-3557.48
-3551.39
-3542.78
-3540.54
-3540.41
-3536.68
-3535.3
-3541.05
-3538.02
-3541.53
-3539.8
-3540.04
-3541.95
-3543.25
-3544.13
-3544.35
-3539.58
-3539.96
-3542.79
-3540.88
-3543.43
-3542.32
-3538.92
-3539.15
-3538.3
-3538.27
-3545.81
-3543.36
-3546
-3543.92
-3545.63
-3545.16
-3545.09
-3546.34
-3552.12
-3548.32
-3546.98
-3547.56
-3551.21
-3549.75
-3549.85
-3551.97
-3548.96
-3545.16
-3547.82
-3544.42
-3541.48
-3543.55
-3542.56
-3542.66
-3542.7
-3540.33
-3540.03
-3543.36
-3546.78
-3548.42
-3547.81
-3551.41
-3548.87
-3547.51
-3547.12
-3547.8
-3546.74
-3554.59
-3548.38
-3551.11
-3551.36
-3550.53
-3551.96
-3550.29
-3549.09
-3554.26
-3553.66
-3559.76
-3554.31
-3554.4
-3554.61
-3555.1
-3553.02
-3553.59
-3553.15
-3551.64
-3554.35
-3551.73
-3552.46
-3551.58
-3550.17
-3552.31
-3552.76
-3552.36
-3550.77
-3550.6
-3552.39
-3553.32
-3553.69
-3555.46
-3552.05
-3552.3
-3551.5
-3552.59
-3555.54
-3551.83
-3553.86
-3554.07
-3556.21
-3554.28
-3556.08
-3553.83
-3547.77
-3548.76
-3551.12
-3552.28
-3553.21
-3550.12
-3552.57
-3552.01
-3548.36
-3549.34
-3552
-3552.78
-3551.99
-3551.42
-3550.8
-3547.63
-3545.45
-3547.2
-3550.29
-3548.96
-3551.17
-3550.77
-3551.38
-3550.23
-3552.25
-3548.3
-3544.76
-3548.32
-3549.86
-3549.27
-3546.75
-3551.37
-3553.36
-3553.49
-3553.29
-3555.01
-3550.11
-3549.3
-3551.49
-3553.74
-3553.78
-3552.11
-3553
-3553.91
-3554.44
-3555.16
-3556.86
-3558.82
-3559.07
-3558.3
-3560.13
-3560.08
-3561.96
-3562.42
-3564.12
-3562.85
-3564.07
-3563.62
-3562.34
-3563.07
-3560.48
-3559.59
-3555.55
-3555.42
-3555.16
-3553.64
-3555.48
-3559.77
-3559.2
-3559.29
-3561.77
-3561.83
-3562.13
-3561.75
-3566.22
-3566.35
-3566.75
-3567.3
-3567.93
-3565.92
-3567.63
-3559.94
-3558.09
-3556.12
-3559.86
-3559.62
-3559.25
-3563.58
-3563.03
-3558.66
-3561.64
-3559.89
-3557.98
-3556.28
-3560.73
-3559.92
-3561.02
-3558.86
-3562
-3563.15
-3564.45
-3562.34
-3558.89
-3556.62
-3556.25
-3559.02
-3556.83
-3556.05
-3557.15
-3556.41
-3555.53
-3555.94
-3558.1
-3556.65
-3556.33
-3557.28
-3554.84
-3554.3
-3555.56
-3558.17
-3556.25
-3555.29
-3557.57
-3556.18
-3559.54
-3561.63
-3558.17
-3559.35
-3560.84
-3560.39
-3558.49
-3558.97
-3560.36
-3560.53
-3562.16
-3565.07
-3559.97
-3558.2
-3561.36
-3558.4
-3562.85
-3559.76
-3559.96
-3558.68
-3559.41
-3559.74
-3557.84
-3557.07
-3556.5
-3556.34
-3557.19
-3556.56
-3554
-3552.73
-3553.24
-3555.58
-3554
-3552.27
-3555.12
-3552.91
-3550.27
-3554.85
-3551.89
-3550.06
-3551.25
-3547.33
-3549.59
-3549.99
-3552.76
-3549.89
-3547.31
-3545.47
-3550.67
-3553
-3549.94
-3549.84
-3549.3
-3550.11
-3547.62
-3548.12
-3549.33
-3550.51
-3550.57
-3548.23
-3548.56
-3548.34
-3549.74
-3549.88
-3550.85
-3551.15
-3551.06
-3548.28
-3550.95
-3551.04
-3554.55
-3554.36
-3552.11
-3552.98
-3546.57
-3547.33
-3546.44
-3546.73
-3545.1
-3549
-3549.52
-3546.84
-3545.34
-3545.99
-3545.8
-3546.01
-3546.64
-3545.74
-3543.51
-3544.54
-3544.79
-3544.17
-3546.72
-3546.61
-3546.59
-3545
-3545.26
-3544.25
-3549.71
-3547.61
-3546.27
-3549.44
-3550.33
-3549.74
-3548.97
-3547.82
-3546.96
-3548.08
-3552.82
-3550.66
-3549.65
-3548.85
-3548.11
-3546.79
-3546.38
-3546.9
-3546.02
-3546.04
-3543.97
-3543.24
-3547.55
-3550.42
-3551.24
-3549.83
-3547.32
-3545.48
-3549.34
-3547.69
-3544.36
-3546.99
-3550.87
-3554.29
-3551.38
-3554.14
-3552.11
-3550.65
-3548.68
-3548.59
-3548.34
-3548.6
-3550.73
-3552.2
-3552.55
-3557.15
-3556.22
-3554.58
-3549.67
-3552.07
-3552.33
-3553.38
-3552.71
-3553.1
-3554.17
-3558.87
-3558.48
-3555.65
-3556.76
-3554.57
-3555.64
-3552.19
-3552.37
-3555.36
-3555.11
-3556.61
-3558.16
-3555.51
-3551.86
-3551.66
-3550.32
-3552.6
-3552.14
-3552.5
-3550.28
-3551.9
-3551.11
-3548.5
-3548.83
-3549.04
-3552.45
-3550.52
-3548.28
-3544.81
-3546.37
-3548.38
-3553.92
-3556.97
-3555.5
-3552.45
-3555.58
-3550.91
-3547.92
-3551.99
-3552.13
-3547.35
-3551.75
-3554.32
-3556.58
-3556.04
-3553.33
-3556.15
-3558.7
-3561.05
-3557.66
-3558.62
-3557.19
-3553.2
-3556.41
-3556.15
-3556.75
-3556.78
-3559.83
-3556.2
-3559.59
-3560.04
-3560.12
-3560.5
-3559.87
-3559.87
-3560.55
-3559.6
-3554.11
-3554.31
-3554.34
-3556.75
-3557.52
-3555.4
-3554.14
-3555.58
-3554.84
-3556.26
-3558.02
-3556.23
-3557.29
-3556.75
-3555.16
-3558.41
-3559.09
-3556.99
-3557.42
-3553.07
-3553.91
-3551.43
-3551.29
-3553.21
-3554.71
-3551.4
-3550.22
-3549.58
-3549.66
-3547.82
-3547.14
-3549.43
-3548.46
-3549.57
-3550.77
-3548.23
-3550.15
-3547.87
-3547.3
-3546.54
-3546.91
-3549.58
-3548.68
-3548.03
-3548.25
-3548.76
-3551.03
-3552
-3552.14
-3553.15
-3553.85
-3551.59
-3554.16
-3551.44
-3556.18
-3558.12
-3560.18
-3557.27
-3558.35
-3556.2
-3553.24
-3551.31
-3551.86
-3554.63
-3552.75
-3554.15
-3552.44
-3552.85
-3549.37
-3551.1
-3552.98
-3554.46
-3555.48
-3552.86
-3554.47
-3552.67
-3552.36
-3547.49
-3547.82
-3545.34
-3544.79
-3547.97
-3548.55
-3550.77
-3551
-3549.98
-3552.24
-3553.6
-3550.08
-3548.66
-3549.34
-3550.48
-3552.3
-3547.76
-3547.76
-3548.9
-3545.26
-3547.63
-3548.17
-3547.78
-3546.5
-3546.28
-3549.31
-3549.18
-3547.59
-3547.44
-3546.2
-3545.43
-3547.19
-3546.68
-3549.12
-3548.27
-3549.89
-3552.61
-3553.06
-3554.96
-3554.92
-3554.92
-3555.19
-3550.19
-3549.44
-3551.56
-3550.83
-3551.05
-3550.25
-3548.87
-3550.36
-3549.06
-3551.29
-3549.02
-3552.17
-3547.95
-3548.57
-3547.93
-3550.15
-3548.01
-3546.01
-3546.46
-3546.4
-3546.92
-3546.24
-3545.8
-3545.85
-3547.67
-3549.03
-3551.21
-3553.82
-3549.25
-3548.52
-3550.57
-3556.02
-3552.14
-3550.78
-3552.54
-3555.65
-3555.63
-3555.82
-3550.96
-3547.87
-3549.16
-3545.83
-3548.21
-3549.28
-3549.28
-3546.77
-3543.14
-3542.46
-3541.72
-3545.16
-3548.17
-3545.46
-3546.57
-3544.86
-3543.28
-3546.87
-3547.6
-3545.86
-3549.92
-3553.63
-3557.01
-3559.36
-3555.07
-3555.11
-3554.47
-3555.66
-3552.3
-3554.5
-3553.77
-3552.55
-3554.23
-3552.4
-3552.36
-3549.82
-3548.43
-3547.88
-3549.01
-3551.36
-3549.63
-3549.77
-3551.71
-3552.17
-3555.96
-3555.61
-3554.08
-3552.76
-3553.09
-3553.03
-3553.84
-3559.26
-3563.47
-3563.12
-3560.9
-3560.88
-3563.74
-3558.5
-3560.38
-3560.31
-3559.15
-3557.89
-3555.27
-3558.25
-3557.7
-3560
-3561.99
-3556.7
-3556.11
-3558.16
-3559.74
-3557.18
-3558.36
-3559.46
-3559.11
-3559.45
-3557.3
-3564.83
-3563.21
-3560.72
-3559.87
-3556.8
-3550.9
-3549.57
-3551.96
-3548.29
-3547.47
-3550.32
-3554.1
-3556.55
-3550.24
-3552.19
-3552.91
-3550.28
-3549.24
-3550.5
-3548.88
-3548.52
-3548.82
-3552.32
-3555.29
-3557.39
-3554.32
-3555.02
-3552.08
-3554.07
-3550.95
-3548.33
-3548.64
-3552
-3551.29
-3549.06
-3549.6
-3547.28
-3549.34
-3550.2
-3554.25
-3552.84
-3549.55
-3547.83
-3547.79
-3546.31
-3545.76
-3546.47
-3546.79
-3547.7
-3547.38
-3544.05
-3544.46
-3544.28
-3544
-3542.01
-3541.83
-3542.57
-3543.24
-3550.11
-3551.37
-3547.63
-3543.14
-3543.19
-3543.79
-3544.72
-3543.45
-3541.68
-3540.22
-3542.64
-3539.33
-3538.58
-3542.3
-3544.4
-3549.04
-3545.88
-3551.5
-3547.35
-3546.57
-3547.9
-3551.08
-3549.1
-3550.07
-3551.37
-3556.59
-3556.57
-3558.13
-3557.72
-3557.73
-3561.61
-3562.16
-3559.85
-3560.45
-3561.97
-3559.46
-3557.69
-3562.32
-3561.26
-3560.28
-3556.04
-3552.06
-3558.35
-3559.02
-3559.57
-3556.8
-3556.21
-3557.45
-3554.06
-3555.71
-3556.48
-3559.25
-3555.14
-3554.65
-3553.39
-3554.85
-3557.7
-3558.47
-3555.6
-3552.84
-3553.88
-3555.48
-3551.89
-3551.62
-3553.75
-3552.25
-3550.6
-3549.01
-3549.66
-3548.87
-3550.2
-3547.65
-3553.11
-3549.8
-3550.84
-3553.56
-3549.66
-3554.36
-3552.59
-3551.12
-3549.56
-3547.62
-3547.15
-3546.76
-3545.47
-3551.55
-3557.71
-3560.33
-3552.03
-3555.41
-3551.14
-3551.33
-3553.12
-3551.22
-3550.47
-3555.24
-3549.18
-3548.28
-3548.76
-3552.27
-3555.55
-3554.17
-3553.14
-3551.6
-3553.86
-3551
-3550.6
-3549.68
-3547.79
-3549.6
-3549.78
-3552.17
-3549.98
-3551.11
-3549.14
-3551.18
-3550.22
-3547.74
-3548.58
-3547.82
-3551.77
-3548.37
-3549.85
-3550.72
-3552.43
-3549.45
-3548.95
-3548.44
-3552.5
-3548.17
-3547.14
-3546.44
-3552.95
-3553.08
-3553.13
-3549.6
-3549.19
-3548.7
-3550.03
-3555.18
-3555.79
-3547.78
-3548.26
-3546.89
-3545.61
-3546.8
-3547.17
-3547.59
-3545.83
-3544.24
-3543.57
-3544.79
-3542.91
-3541.36
-3542.42
-3544.23
-3545.34
-3543.36
-3544.72
-3542.47
-3546.81
-3548.92
-3549.72
-3550.12
-3549.69
-3550.34
-3550.26
-3549.84
-3550.82
-3546.28
-3546.37
-3548.21
-3548.93
-3549.71
-3548.07
-3546.49
-3547
-3546.7
-3548.12
-3553.18
-3552.74
-3552.05
-3553.04
-3550.48
-3551.92
-3556.31
-3554.32
-3554.9
-3553.41
-3555.53
-3556.15
-3550.47
-3547.83
-3543.58
-3543.98
-3538.65
-3544.15
-3543.68
-3542.58
-3540.45
-3541.21
-3537.62
-3535.12
-3539.1
-3536.4
-3537.65
-3538.06
-3534.07
-3532.65
-3531
-3530.89
-3532.45
-3534.2
-3534.29
-3533.57
-3535.04
-3534.82
-3538.68
-3537.26
-3537.38
-3536.61
-3536.98
-3542.61
-3543.11
-3540.72
-3539.41
-3540.64
-3541.81
-3540.83
-3545.34
-3543.17
-3538.06
-3537.65
-3538.74
-3540.59
-3542.02
-3539.96
-3531.22
-3532.67
-3531.56
-3531.55
-3535.44
-3534.28
-3538.81
-3537.06
-3542.41
-3540.08
-3533.73
-3534.71
-3531.65
-3531.87
-3532.1
-3533.39
-3532.81
-3531.65
-3534.31
-3532.6
-3527.92
-3525.75
-3529.71
-3528
-3530.98
-3534.14
-3533.96
-3531.61
-3531.54
-3527.4
-3529.46
-3529.61
-3536.15
-3543.37
-3540.98
-3535.58
-3534.33
-3531.11
-3529.63
-3531.6
-3529.07
-3530.7
-3533.59
-3531.07
-3530.15
-3531.11
-3532.12
-3535.89
-3533.82
-3534.3
-3534.7
-3539.56
-3533.46
-3538.16
-3537.95
-3540.48
-3536.3
-3532.25
-3530.97
-3529.87
-3530.39
-3533.84
-3532.59
-3529.89
-3530.68
-3530.04
-3532.46
-3533.33
-3527.38
-3527.31
-3527.11
-3529.02
-3530.82
-3527.17
-3530.15
-3523.62
-3523.11
-3530.75
-3529.15
-3533.86
-3536.52
-3542.41
-3535.13
-3532.7
-3529.76
-3528.73
-3526.62
-3524.12
-3527.24
-3532.64
-3531.79
-3531.68
-3529.68
-3523.5
-3521.17
-3524.47
-3521.78
-3527.82
-3530.96
-3534.52
-3539.12
-3538.62
-3536.48
-3532.87
-3528.17
-3529.68
-3527.45
-3528.94
-3526.15
-3527.93
-3526.91
-3523.34
-3520.19
-3524.28
-3524.79
-3525.18
-3523.79
-3522.36
-3521.67
-3523.56
-3521.81
-3518.99
-3523.24
-3521.47
-3526.85
-3527.02
-3526.67
-3534.32
-3530.45
-3528.77
-3528.99
-3530.67
-3528.42
-3527.95
-3525.49
-3522.42
-3520.28
-3524.39
-3531.6
-3527.23
-3522.01
-3524.29
-3524.55
-3521.78
-3529.18
-3530.82
-3532.08
-3531.6
-3534.99
-3535.03
-3532.42
-3531.01
-3529.56
-3532.57
-3535.83
-3533.44
-3534.67
-3538.12
-3539.02
-3541.32
-3540.33
-3541.42
-3539.08
-3541.61
-3543.41
-3540.41
-3540
-3535.73
-3538.49
-3538.63
-3536.82
-3530.17
-3530.06
-3528.91
-3533.44
-3533.15
-3530.84
-3532.69
-3532.85
-3534.2
-3533.56
-3537.91
-3532.6
-3532.37
-3536.39
-3532.49
-3530.45
-3531.5
-3531.69
-3540.71
-3537.03
-3537.62
-3537.44
-3539.92
-3538.71
-3539.06
-3542.57
-3539.91
-3542.91
-3540.5
-3541.89
-3538.02
-3536.78
-3539.46
-3536.69
-3534.54
-3535.99
-3538.59
-3532.55
-3534.68
-3537.08
-3538.3
-3539.68
-3538.92
-3541.74
-3548.21
-3544.16
-3545.67
-3551.39
-3551.9
-3551.27
-3548.64
-3541.34
-3539.63
-3539.15
-3542.61
-3539.71
-3545.19
-3541.52
-3540.54
-3538.78
-3539.06
-3536.35
-3528.91
-3529.44
-3526.24
-3527.81
-3530.24
-3530.51
-3528.53
-3529.06
-3529.1
-3532.56
-3533.54
-3531.58
-3533.59
-3534.5
-3533.42
-3536.66
-3534.85
-3537.97
-3540.57
-3543.36
-3545.01
-3544.5
-3543.38
-3541.1
-3540.65
-3540.85
-3536.29
-3535.31
-3536.97
-3537.06
-3537.07
-3535.98
-3536.47
-3539.73
-3542.69
-3544.11
-3543.14
-3540.91
-3543.21
-3544.99
-3542.56
-3543.82
-3543.35
-3543.39
-3542.3
-3544.25
-3542.03
-3542.91
-3544.26
-3545.08
-3544.6
-3539.73
-3537.63
-3538.13
-3535.53
-3536.14
-3537.59
-3534.91
-3533.71
-3538.14
-3539.43
-3538.94
-3539.67
-3544.11
-3541.41
-3538.15
-3533.4
-3539.83
-3538.88
-3539.74
-3537.84
-3537.71
-3537.64
-3538.5
-3539.92
-3536.98
-3535.83
-3542.22
-3540.55
-3539.49
-3535.64
-3530.25
-3530.96
-3531.57
-3533.23
-3532.83
-3532.39
-3536.88
-3535.12
-3539.05
-3539.13
-3539.45
-3535.25
-3534.25
-3529.92
-3530.04
-3531.49
-3528.86
-3526.17
-3527.29
-3527.1
-3527.31
-3528.43
-3523.9
-3523.45
-3527.81
-3528.92
-3536.52
-3534.85
-3530.41
-3530.17
-3534.86
-3541.31
-3535.65
-3537.95
-3537.53
-3537.53
-3541.38
-3540.19
-3540.81
-3541.61
-3540.76
-3544.15
-3538.4
-3537.83
-3538.84
-3542.22
-3539
-3538.23
-3537.69
-3536.09
-3535.19
-3531.16
-3528.48
-3537.94
-3533.88
-3535.2
-3540.22
-3541.14
-3544.38
-3539.23
-3538.64
-3539.65
-3537.59
-3536.36
-3541.98
-3540.58
-3535.79
-3536.75
-3542.85
-3544.68
-3540.84
-3545.3
-3541.22
-3539.71
-3541.87
-3542.04
-3544.84
-3545.67
-3546.28
-3548.77
-3552.11
-3553.88
-3556.01
-3551.86
-3550.4
-3551.28
-3547.89
-3545.41
-3545.32
-3548.87
-3547.54
-3545.44
-3540.84
-3543.97
-3548.33
-3547.05
-3543.38
-3544.33
-3547.63
-3549.11
-3547.44
-3546.11
-3547.2
-3548.31
-3549.81
-3550.58
-3555.63
-3553.73
-3556.25
-3553.8
-3551.41
-3552.69
-3550.59
-3550.22
-3550.51
-3552.35
-3554.22
-3559.01
-3552.76
-3552.59
-3552.4
-3556.14
-3556.04
-3553.98
-3551.9
-3552.31
-3549.55
-3550.64
-3549.63
-3551.08
-3555.09
-3554.74
-3555.51
-3552.87
-3552.01
-3551.6
-3553.63
-3552.79
-3553.94
-3554.07
-3552.99
-3556.57
-3557.92
-3562.03
-3561.8
-3560.02
-3561
-3559.66
-3559.27
-3559.01
-3560.9
-3555.46
-3557.27
-3555.83
-3556.61
-3556.7
-3554.17
-3555.37
-3557.85
-3554.37
-3556.98
-3556.08
-3559.82
-3555.69
-3554.18
-3555.1
-3553.01
-3550.44
-3551.66
-3551.48
-3552.54
-3552.87
-3552.83
-3551.26
-3551.72
-3556.96
-3554.99
-3555.45
-3555.72
-3556
-3557.61
-3552.83
-3552.97
-3552.07
-3549.63
-3548.88
-3548.56
-3551.47
-3554.56
-3555.1
-3554.67
-3550.71
-3549.52
-3549.6
-3551.89
-3555.11
-3554.16
-3555.85
-3556.53
-3553.71
-3555.21
-3557.08
-3556.13
-3558.48
-3559.4
-3559.07
-3555.43
-3551.74
-3551.61
-3552.31
-3548.3
-3545.35
-3550.21
-3548.68
-3548.57
-3550.97
-3550.65
-3551.43
-3549.86
-3553.62
-3555.59
-3556.39
-3554.74
-3555.21
-3554.16
-3553.62
-3550.96
-3546.82
-3548
-3548.72
-3550.58
-3550.86
-3553.91
-3550.19
-3548.99
-3552.58
-3550.98
-3556.5
-3558.55
-3557.77
-3558.65
-3563.55
-3564.94
-3559.14
-3556.12
-3554.78
-3555.42
-3557.17
-3557.9
-3559.52
-3556.12
-3555.35
-3556.66
-3559.74
-3559.41
-3555.21
-3554.47
-3551.99
-3553.5
-3554.88
-3554.32
-3553.96
-3556.44
-3554.79
-3550.08
-3551.2
-3552.92
-3550.11
-3549.29
-3549.27
-3558.16
-3553.54
-3555.01
-3555.58
-3551.94
-3549.59
-3547.13
-3545.24
-3546.03
-3548.38
-3544.29
-3546.54
-3553.07
-3548.23
-3545.19
-3548.81
-3545.89
-3544.6
-3541.77
-3545.37
-3547.68
-3548.31
-3547.59
-3551.5
-3548.41
-3548.11
-3548.91
-3548.84
-3547.95
-3549.44
-3552.26
-3549.1
-3548.45
-3544.95
-3545.41
-3544.61
-3541.25
-3545.37
-3545.67
-3546.56
-3545.34
-3545.46
-3549.07
-3546.52
-3549.48
-3551.05
-3550.38
-3545.43
-3550.96
-3550.48
-3553.37
-3549.65
-3544.79
-3542.05
-3543.67
-3542.39
-3547.04
-3544.78
-3541.87
-3543.75
-3545.21
-3546.54
-3549.79
-3546.91
-3548.82
-3549.55
-3548.37
-3550.31
-3550.85
-3550.25
-3549.29
-3553.32
-3549.31
-3554.13
-3554.63
-3554.36
-3548.54
-3548.02
-3547.13
-3546.59
-3546.42
-3543.62
-3546.01
-3549.18
-3547.71
-3548.55
-3551.94
-3549.91
-3553.31
-3554.17
-3553.26
-3553.13
-3550.37
-3550.87
-3549.62
-3553.02
-3548.1
-3548.87
-3548.74
-3547.22
-3546.97
-3546.65
-3547.62
-3548.63
-3548.94
-3546.98
-3548.28
-3550.42
-3549.93
-3552.9
-3550.95
-3547.63
-3548
-3544.55
-3545.63
-3546.82
-3547.16
-3551.35
-3552.84
-3555.56
-3552.61
-3553.46
-3554.38
-3551.46
-3547.35
-3549.07
-3549.17
-3551.59
-3548.16
-3548.3
-3547.84
-3551.41
-3554.56
-3552.81
-3552.23
-3549.72
-3551.6
-3550.48
-3553.71
-3557.96
-3561.23
-3562.5
-3563.68
-3567.56
-3563.06
-3564.79
-3571.95
-3566.97
-3561.56
-3560.62
-3556.26
-3560.75
-3565.58
-3562.47
-3559.7
-3559.06
-3560.24
-3558.27
-3559.44
-3559.35
-3561.08
-3559.08
-3556.42
-3558.76
-3558.45
-3559.29
-3561.53
-3561.08
-3556.14
-3558.89
-3557.63
-3561.56
-3559.45
-3558.13
-3558.79
-3556.17
-3558.53
-3557.77
-3560.46
-3561.27
-3560.66
-3558.58
-3559.81
-3560.98
-3564.81
-3562.38
-3565.43
-3564.18
-3559.42
-3556.94
-3559.92
-3561.5
-3562.48
-3559.29
-3558.11
-3556.32
-3559.6
-3554.77
-3555.26
-3554.63
-3557.81
-3558.07
-3555.54
-3560.24
-3563.48
-3565.36
-3565
-3566.31
-3563.74
-3564.37
-3567.63
-3566.93
-3562.52
-3564.01
-3562.9
-3558.98
-3560.28
-3557.53
-3553.1
-3553.41
-3550.44
-3547.16
-3548.1
-3550.26
-3554.18
-3553.12
-3558.5
-3559.07
-3557.08
-3554.52
-3554.34
-3553.58
-3557.14
-3556.26
-3554.99
-3556.77
-3560.16
-3553.83
-3552.48
-3552.84
-3553.21
-3557.04
-3554.16
-3550.96
-3554.15
-3552.77
-3553.04
-3554.36
-3552.29
-3554.21
-3555.6
-3550.94
-3549.45
-3546.67
-3546.81
-3543.65
-3548.91
-3545.06
-3543.87
-3543.58
-3544.45
-3545.14
-3540.81
-3543.4
-3547.16
-3543.43
-3544.75
-3546.29
-3545.5
-3540.54
-3538.79
-3538.9
-3537.22
-3535.62
-3534.12
-3539.85
-3539.69
-3539.28
-3539.64
-3538.21
-3536.67
-3534.57
-3537.66
-3537.95
-3536.19
-3542
-3539.58
-3542.14
-3539.93
-3539.67
-3540.27
-3541.1
-3539.86
-3540.75
-3543.05
-3541.98
-3544.45
-3546.74
-3548.84
-3547.75
-3550.96
-3550.58
-3551.23
-3549.14
-3546.63
-3544.07
-3544.72
-3546.54
-3544.09
-3545.31
-3545.12
-3547.8
-3543.94
-3542.73
-3539.57
-3538.47
-3541.35
-3537.89
-3544.98
-3537.91
-3540.27
-3539.91
-3541.17
-3545.97
-3542.65
-3539.99
-3538.19
-3541.3
-3538.51
-3536.77
-3541.68
-3541.65
-3543.63
-3548.26
-3544.21
-3544.38
-3547.05
-3543.08
-3541.86
-3539.8
-3540.85
-3544.83
-3547.29
-3543.56
-3545.66
-3548.78
-3546.09
-3551.92
-3549.54
-3549.12
-3546.12
-3543.97
-3545.07
-3541.9
-3543.36
-3544.99
-3548.21
-3547.22
-3542.92
-3550.66
-3551.88
-3550.73
-3551.44
-3551.35
-3551.74
-3550.29
-3550.27
-3548.21
-3546.55
-3547.19
-3548.68
-3550.19
-3548.37
-3544.82
-3546.29
-3548.1
-3548.34
-3544.26
-3545.95
-3546.54
-3545.63
-3545.92
-3540.95
-3542.95
-3547.5
-3546.79
-3546.28
-3539.17
-3539.16
-3535.91
-3539.83
-3535.32
-3540.48
-3543.88
-3547.62
-3547.78
-3551.62
-3548.02
-3542.01
-3538.37
-3534.75
-3530.84
-3534.85
-3536.65
-3537.02
-3537.58
-3539.53
-3537.58
-3538
-3537.7
-3537.31
-3540.03
-3539.38
-3541.76
-3540.39
-3539.03
-3538.78
-3540.8
-3545.18
-3549.01
-3543.03
-3546.52
-3549.19
-3548.48
-3547.45
-3543.37
-3542.51
-3542.93
-3544.49
-3542.25
-3538.05
-3536.81
-3539.95
-3539.53
-3541.6
-3541.28
-3539.23
-3541.6
-3546.47
-3545.86
-3547.96
-3545.61
-3542.74
-3540.65
-3539.79
-3541.51
-3541.63
-3544.17
-3544.77
-3541.83
-3539.46
-3540.51
-3542.86
-3546.95
-3541.73
-3545.18
-3544.65
-3546.3
-3547.89
-3547.12
-3550.57
-3552.78
-3550.19
-3549.49
-3554.81
-3551.8
-3546.82
-3546.29
-3549.44
-3545.22
-3544.08
-3543.95
-3544.04
-3546.78
-3548.87
-3548.06
-3546.84
-3544.45
-3544.36
-3543.45
-3539.12
-3542.38
-3541.75
-3542.7
-3542.24
-3545.83
-3542.86
-3546.35
-3544.32
-3542.88
-3544.94
-3543.37
-3541.66
-3546.76
-3547.95
-3544.64
-3543.81
-3544.66
-3546.48
-3544.48
-3542.51
-3545.46
-3543.7
-3545.8
-3549.99
-3553.22
-3553.58
-3547.63
-3543.88
-3544.58
-3545.45
-3545.99
-3544.36
-3548.27
-3546.44
-3545.07
-3547.82
-3543.09
-3539.15
-3537.57
-3538.03
-3537.57
-3534.4
-3536.42
-3542.45
-3546.33
-3543.28
-3540.35
-3542.32
-3536.45
-3542.77
-3544.95
-3546.55
-3542.79
-3542.35
-3542.54
-3539.19
-3537.75
-3539.6
-3536.27
-3540.54
-3541.25
-3542.15
-3544.91
-3543.65
-3545.16
-3545.14
-3551.38
-3551.26
-3548.35
-3547.83
-3546.52
-3544.86
-3544.7
-3545.64
-3546.46
-3547.33
-3546.65
-3549.29
-3545.81
-3547.72
-3547.57
-3548.57
-3549.85
-3549.28
-3546.67
-3546.02
-3545.29
-3553.03
-3547.83
-3547.88
-3547.8
-3546.09
-3545.99
-3549.33
-3552.79
-3552.86
-3548.8
-3553.52
-3550.32
-3552.64
-3547.65
-3543.6
-3542.46
-3538.96
-3538.11
-3540.38
-3539.79
-3542.47
-3544.32
-3542.92
-3544.13
-3548.59
-3549.77
-3550.62
-3552.84
-3551.56
-3553.75
-3551.14
-3552.87
-3551.36
-3553.24
-3555.54
-3555.73
-3554.72
-3556.06
-3557.99
-3558.08
-3557.57
-3559.42
-3563.15
-3563.41
-3560.38
-3556.9
-3556.68
-3554.89
-3556.82
-3556.15
-3553.18
-3555.74
-3556.02
-3557.38
-3556.97
-3557.19
-3553.46
-3551.35
-3553.55
-3552.87
-3559.54
-3559.37
-3559.06
-3554.44
-3554.25
-3553.93
-3554.32
-3550.66
-3551.53
-3548.06
-3549.74
-3554.38
-3553.78
-3557.41
-3559.08
-3556.33
-3557.49
-3561.09
-3558.77
-3556.56
-3552.86
-3553.37
-3556.8
-3558.83
-3553.83
-3555.02
-3553.79
-3553.88
-3551.75
-3551.48
-3552.11
-3549.04
-3551.64
-3550.59
-3552.01
-3551.89
-3552.35
-3550.29
-3548.59
-3549.59
-3554.82
-3553.27
-3552.27
-3548.02
-3552.46
-3553.14
-3552.43
-3548.8
-3549.1
-3550.5
-3551.07
-3553.44
-3551.94
-3548.89
-3547.9
-3546.51
-3547.29
-3548.21
-3548.68
-3550.77
-3552.02
-3551.17
-3554.72
-3559.34
-3557.69
-3560.11
-3560.54
-3560.93
-3560.98
-3560.78
-3559.43
-3556.77
-3558.93
-3562.1
-3557.49
-3555.06
-3557.09
-3557.58
-3558.12
-3558.76
-3556.81
-3556.34
-3555.2
-3556.57
-3553.72
-3555.59
-3556.02
-3553.26
-3551.95
-3549.3
-3551.07
-3550.32
-3551.4
-3554.48
-3553.27
-3553.61
-3551.99
-3554.54
-3551.67
-3551.6
-3554.86
-3554.44
-3552.31
-3551.63
-3555.96
-3557.47
-3556.33
-3557.63
-3557.57
-3555.46
-3552.89
-3553.82
-3550.97
-3552.31
-3554.16
-3553.27
-3551.02
-3552.14
-3553.68
-3549.16
-3549.72
-3550.27
-3553.51
-3555.04
-3553.9
-3551.6
-3553.24
-3553.57
-3554.1
-3552.37
-3550.61
-3549.68
-3550.01
-3549.63
-3547.28
-3547.44
-3547.9
-3548.69
-3546.39
-3543.44
-3546.11
-3543.76
-3539.41
-3542.13
-3543.64
-3541.41
-3538.42
-3538.62
-3537.9
-3538.85
-3537.82
-3536.78
-3537.17
-3546.05
-3548.68
-3546.05
-3545.53
-3541.18
-3548.48
-3544.14
-3543.57
-3545.47
-3544.94
-3540.56
-3542.73
-3540.49
-3539.58
-3539.4
-3538.24
-3536.65
-3538.41
-3542.32
-3546.23
-3546.39
-3545.4
-3544.16
-3542.52
-3541.34
-3541.63
-3539.32
-3541.01
-3536.89
-3533.83
-3541.94
-3539.99
-3541.79
-3535.9
-3536.5
-3534.95
-3536.06
-3530.55
-3531.21
-3528.81
-3530.6
-3531.04
-3532.39
-3533.01
-3530.76
-3532.25
-3532.94
-3535.58
-3537.71
-3537.17
-3541.03
-3542.06
-3544.35
-3545.03
-3544.29
-3545.23
-3543.59
-3544.8
-3547.18
-3545.67
-3537.53
-3538.63
-3541
-3536.76
-3538.01
-3546.08
-3550.65
-3549.51
-3554.5
-3555.77
-3558.2
-3559.92
-3558.8
-3555.8
-3554.01
-3553.72
-3549.43
-3546.63
-3546.64
-3545.18
-3546.61
-3543.66
-3543.54
-3545.42
-3547.35
-3546.98
-3547.47
-3544.56
-3543.7
-3546.01
-3546.15
-3544.05
-3549.6
-3545.81
-3543.88
-3540.07
-3538.63
-3542.31
-3542.51
-3543.5
-3544.7
-3542.34
-3544.37
-3540.31
-3538.45
-3536.76
-3537.44
-3538.87
-3538.08
-3538.98
-3539.13
-3537.09
-3537.14
-3536.05
-3539.44
-3539.63
-3538.46
-3538.53
-3532.93
-3533.31
-3536.02
-3535.26
-3536.98
-3539.98
-3538.63
-3535.03
-3535.03
-3536.76
-3538.44
-3537.19
-3541.56
-3542.53
-3542.86
-3546.87
-3539.42
-3538.57
-3537.51
-3542.23
-3543.05
-3542.36
-3546.22
-3543.98
-3544.71
-3540.84
-3535.51
-3538.24
-3536.85
-3541.85
-3541.69
-3539.29
-3539.07
-3537.98
-3538.75
-3540.09
-3540.92
-3542.73
-3539.44
-3541.85
-3547.08
-3547.72
-3546.55
-3552.09
-3552.28
-3548.64
-3547.18
-3548.26
-3546.29
-3545.75
-3547.5
-3549.03
-3549.53
-3542.85
-3539.37
-3540.63
-3538.87
-3536.4
-3540.79
-3538.73
-3539.74
-3541.21
-3542.54
-3542.77
-3540.84
-3541.14
-3537.9
-3537.86
-3540.44
-3539.73
-3533.92
-3538.63
-3538.93
-3538.64
-3538.22
-3540.22
-3541.43
-3545.42
-3543.12
-3539.23
-3538.04
-3537.23
-3534.4
-3533.6
-3538.41
-3538.92
-3539.14
-3535.86
-3539.06
-3537
-3531.89
-3531.32
-3533.66
-3534.83
-3532.42
-3531.47
-3532.73
-3536.96
-3534.7
-3535.53
-3533.23
-3536.65
-3535.17
-3539.03
-3540.54
-3535.65
-3535.98
-3537.34
-3537.01
-3541.82
-3537.06
-3537.15
-3538.59
-3535.05
-3537.03
-3537.18
-3534.05
-3536.16
-3538.45
-3536.99
-3528.84
-3529.1
-3530.92
-3526.58
-3532.44
-3533.12
-3534.29
-3530.91
-3527.29
-3532.52
-3532.57
-3535.37
-3530.55
-3527.87
-3529.9
-3528.33
-3531.01
-3531.41
-3534.2
-3532.59
-3531.81
-3530.91
-3534.13
-3538.34
-3535.86
-3535.04
-3537.04
-3536.46
-3538.78
-3535.93
-3532.23
-3534.53
-3531.89
-3536.31
-3536.96
-3539.24
-3532.01
-3535.82
-3537.15
-3536.28
-3535.42
-3531.96
-3532.39
-3527.59
-3527.85
-3528.04
-3532.19
-3531.11
-3530.41
-3532.01
-3529.63
-3530.84
-3533.55
-3534.3
-3533.16
-3530.86
-3531.76
-3529.07
-3527.67
-3530.62
-3527.53
-3531.66
-3532.85
-3531.29
-3530.73
-3533.67
-3533.77
-3535.89
-3537.32
-3534.37
-3542.97
-3543.94
-3544.15
-3541.32
-3539.02
-3541.85
-3536.3
-3537.63
-3534.24
-3535.56
-3531.19
-3533.86
-3532.78
-3529.07
-3529.87
-3528.3
-3532.5
-3532.92
-3534.37
-3536.11
-3533.74
-3538.54
-3536.25
-3536.39
-3534.05
-3534.37
-3538.65
-3537.15
-3529.59
-3534.98
-3537.42
-3534.07
-3535.5
-3534.86
-3532.36
-3533.79
-3532.78
-3535.18
-3532.3
-3535.6
-3534.63
-3533.54
-3533.56
-3533.01
-3537.55
-3541.13
-3539.75
-3538.87
-3537.94
-3540.63
-3539.84
-3536.04
-3539.55
-3541.75
-3539.98
-3537.73
-3540.98
-3539.3
-3539.54
-3540.66
-3539.72
-3537.12
-3542.45
-3545.73
-3546.5
-3547.95
-3549.66
-3549.92
-3546.62
-3545.7
-3548.86
-3551.67
-3547.08
-3547.04
-3547.2
-3548.2
-3552.87
-3552.84
-3551.15
-3551.33
-3543.87
-3544.03
-3546.98
-3545.06
-3540.33
-3543.08
-3538.86
-3537.23
-3537.89
-3543.74
-3543.16
-3537.45
-3539.33
-3538.11
-3540.42
-3539.12
-3539.25
-3539.42
-3538.61
-3536.69
-3535.97
-3535.18
-3534.5
-3535.48
-3541.24
-3537.88
-3539.48
-3538.62
-3539.84
-3541.36
-3539.9
-3539.98
-3540.35
-3544.65
-3542.79
-3545.15
-3546.13
-3547.54
-3544.77
-3542.98
-3542.43
-3542.84
-3541.7
-3540.41
-3539.83
-3533.76
-3536.37
-3534.55
-3543.29
-3536.71
-3534.51
-3530.64
-3535.58
-3531.05
-3532.89
-3533.96
-3536.09
-3535.22
-3534.41
-3537.69
-3541.19
-3537.52
-3541.15
-3539.89
-3542.13
-3543.18
-3546.45
-3548.82
-3545.69
-3544.11
-3542.19
-3540.62
-3542.03
-3544.9
-3542.79
-3543.34
-3543.85
-3541.31
-3538.38
-3538.99
-3536.5
-3540.39
-3538.36
-3538.68
-3545.05
-3543.19
-3544.32
-3541.32
-3541.16
-3541.45
-3536.58
-3535.2
-3539.68
-3531.51
-3531.69
-3530.79
-3532.4
-3534.04
-3533.19
-3532.25
-3536.56
-3541.4
-3538.34
-3537.01
-3537.84
-3535.64
-3536.6
-3533.62
-3534.66
-3532.19
-3534.64
-3536.4
-3533.2
-3534.89
-3536.52
-3534.28
-3530.48
-3532.42
-3534.56
-3533.27
-3533.21
-3535.93
-3535.31
-3533.36
-3534.25
-3536.79
-3535.47
-3535.17
-3537.75
-3544.15
-3542.83
-3540.08
-3539.24
-3541.14
-3542.34
-3538.49
-3534.17
-3533.61
-3532.38
-3532.13
-3533.67
-3534.79
-3535.69
-3538.25
-3536.36
-3534.51
-3534.71
-3533.29
-3533.3
-3535.35
-3535.71
-3534.77
-3532.35
-3541.02
-3535.32
-3535.44
-3537.42
-3538.54
-3539.09
-3536.15
-3540.73
-3541.79
-3539.79
-3540.73
-3535.69
-3535.63
-3535.35
-3532.8
-3535.66
-3535.63
-3535.76
-3538.07
-3539.04
-3536.91
-3541.54
-3541.05
-3540.55
-3542.2
-3543.4
-3537.91
-3536.7
-3538.52
-3543.19
-3544.69
-3542.01
-3540.41
-3539.95
-3541.33
-3542.71
-3542.45
-3542.59
-3539.6
-3535.9
-3538.86
-3536.1
-3540.96
-3540.04
-3540.57
-3540.93
-3539.7
-3540.7
-3540.21
-3545.35
-3546.08
-3544.57
-3545.24
-3540.34
-3541.49
-3540.82
-3538.41
-3539.43
-3536.78
-3537.79
-3535.31
-3541.43
-3541.56
-3543.41
-3543.83
-3545.74
-3543.94
-3541.34
-3542.72
-3543.69
-3543.33
-3542.88
-3542.61
-3539
-3540.63
-3543.77
-3544.36
-3543.6
-3550.16
-3554.15
-3553.38
-3554.68
-3556.96
-3555.57
-3557.03
-3559.49
-3556.12
-3552.63
-3554.52
-3552.31
-3554.34
-3555.26
-3558.02
-3554.2
-3555.18
-3551.59
-3548.48
-3548.18
-3550.88
-3550.21
-3548.16
-3549.03
-3554.24
-3556.64
-3554.11
-3547.96
-3554.42
-3553.67
-3558.46
-3558.95
-3557.59
-3552.57
-3554.33
-3555.16
-3558.28
-3560.68
-3555.33
-3554.72
-3552.01
-3551.66
-3552.2
-3548.64
-3545.9
-3548.87
-3547.46
-3546.43
-3547.36
-3546.7
-3546.13
-3542.43
-3545.23
-3542.1
-3541
-3541.42
-3542.95
-3543.96
-3542.41
-3546.55
-3545.84
-3543.49
-3541.45
-3540.25
-3539.71
-3539.93
-3539.77
-3538.74
-3542.58
-3547.6
-3549.38
-3551.17
-3550.61
-3546.69
-3545.83
-3544.69
-3546.57
-3546.81
-3546.68
-3547.52
-3550.94
-3548.89
-3545.32
-3545.58
-3545.44
-3544.1
-3549.74
-3549.93
-3544.77
-3546.06
-3547.43
-3544.4
-3545.74
-3546.98
-3543.95
-3546.22
-3542.33
-3548.16
-3544.32
-3544.32
-3545.53
-3543.62
-3548
-3546.2
-3548.91
-3546.64
-3547.44
-3546.98
-3543.82
-3547.25
-3550.32
-3552.56
-3549.64
-3554.36
-3550.27
-3551.46
-3550.26
-3548.61
-3546.03
-3543.44
-3541.42
-3541.7
-3543.32
-3542.59
-3541.64
-3545.66
-3545.78
-3547.81
-3552.54
-3549.32
-3544.39
-3545
-3548.05
-3552.12
-3546.43
-3543.2
-3548.32
-3546.66
-3545.86
-3546.35
-3544.61
-3545.91
-3546.63
-3545.37
-3543.11
-3543.56
-3543.13
-3539.11
-3542
-3541.3
-3544.74
-3540.34
-3546
-3544.84
-3548.4
-3543.91
-3543.41
-3543.71
-3543.33
-3540.22
-3541.74
-3540.65
-3540.1
-3542.27
-3541.77
-3543.98
-3543.01
-3548.08
-3548.59
-3546.11
-3544.06
-3542.75
-3543.95
-3544
-3546.25
-3544.62
-3544.37
-3538.95
-3538.09
-3544.39
-3541.8
-3542.68
-3540.5
-3539.9
-3538.96
-3541.27
-3540.46
-3546.82
-3549.53
-3543.34
-3544.39
-3542.82
-3541.19
-3538.24
-3542.48
-3543.41
-3547.96
-3550.01
-3551.09
-3549.78
-3549.18
-3544.45
-3546.01
-3543.11
-3543.61
-3542.5
-3545.23
-3546.8
-3548.7
-3553.09
-3552.87
-3554.45
-3552.8
-3557
-3556.95
-3553.17
-3553.9
-3553.22
-3550.95
-3548.94
-3552.73
-3552.25
-3554.45
-3553.3
-3552.31
-3551.32
-3549.94
-3552.96
-3554.64
-3554.03
-3552.37
-3555.96
-3557.61
-3555.56
-3552.68
-3552.44
-3553.62
-3550.26
-3553.75
-3554.62
-3553.62
-3551.89
-3552.98
-3547.73
-3551.54
-3548.91
-3552.26
-3553.29
-3554.56
-3553.07
-3549.03
-3548.46
-3546.87
-3546.69
-3545.68
-3545.42
-3546.48
-3545.73
-3546.44
-3546.56
-3547.32
-3548.46
-3548.79
-3549.45
-3545.96
-3546.76
-3544.3
-3547.35
-3550.16
-3549.24
-3545.44
-3543.16
-3546.08
-3540.79
-3539.9
-3540.72
-3536.96
-3536.86
-3541.49
-3541.85
-3546.26
-3544.25
-3545.32
-3545.74
-3545.59
-3545.07
-3542.7
-3542.01
-3541.07
-3541.83
-3540.12
-3541.15
-3543.05
-3546.56
-3547.51
-3544.98
-3543.33
-3546.98
-3548.84
-3552.04
-3551.81
-3550.96
-3545.91
-3549
-3548.04
-3547.28
-3547.2
-3547.92
-3546.88
-3552.06
-3550.19
-3551.03
-3550.8
-3551.25
-3551.09
-3552.43
-3548.82
-3548.46
-3548.87
-3549.61
-3549.02
-3551.31
-3552.95
-3549.09
-3553.58
-3550.8
-3550.02
-3552.37
-3550.47
-3554.06
-3553.29
-3552.88
-3553.51
-3547.72
-3552.28
-3553.23
-3549.85
-3551.23
-3549.8
-3551.92
-3550.76
-3550.96
-3553.34
-3553.74
-3550.73
-3550.7
-3546.82
-3546.16
-3546.49
-3545.33
-3541.47
-3538.37
-3534.73
-3536.08
-3536.03
-3538.31
-3536.95
-3537.49
-3537.05
-3537.8
-3542.81
-3541.17
-3543.14
-3541.27
-3538.97
-3541.5
-3541.21
-3543.11
-3546.19
-3542.56
-3545.09
-3545.38
-3547.95
-3546.4
-3546.44
-3548.24
-3548.24
-3549.39
-3545.83
-3545.43
-3546.44
-3549.66
-3551.46
-3549.85
-3551.6
-3548.59
-3554.05
-3554.05
-3551.26
-3554.22
-3554.18
-3551.78
-3548.26
-3552.41
-3555.55
-3556.6
-3553.54
-3556.2
-3559.15
-3559.11
-3558.42
-3557.74
-3559.17
-3560.81
-3560.21
-3562.58
-3567.51
-3560.81
-3558.67
-3560.23
-3556.19
-3555.99
-3552.77
-3554.8
-3552.89
-3552.1
-3551.98
-3551.23
-3549.87
-3551.64
-3550.1
-3551.36
-3552.89
-3554.96
-3554.46
-3554.99
-3552.73
-3555.67
-3552.81
-3558.82
-3561.51
-3561.77
-3567.96
-3567.54
-3560.67
-3562.7
-3561.45
-3561.32
-3562.12
-3556.85
-3557.4
-3556.86
-3555.29
-3553.89
-3553.25
-3554
-3553.29
-3554.7
-3555.35
-3556.34
-3556.03
-3557.47
-3560.51
-3559.53
-3560.46
-3556.24
-3557.55
-3555.29
-3556.51
-3556.98
-3558.83
-3555.45
-3558.64
-3556.68
-3556.03
-3554.52
-3556.46
-3554.02
-3554.66
-3555.85
-3556.85
-3554.9
-3551.78
-3552.84
-3550.3
-3549.58
-3550.32
-3550.57
-3554.15
-3560.26
-3561.4
-3561.32
-3556.26
-3559.52
-3556.67
-3556.51
-3553.22
-3552.44
-3554.12
-3552.4
-3550.44
-3548.15
-3547.12
-3548.34
-3548.94
-3549.02
-3549.3
-3550.5
-3548.91
-3547.96
-3549.97
-3547.45
-3547.67
-3547.51
-3548.06
-3547.59
-3551.48
-3546.73
-3547.32
-3547.43
-3550.36
-3547.01
-3548.46
-3545.75
-3546.92
-3550.45
-3548.8
-3546.38
-3546.86
-3547.88
-3545.28
-3547.18
-3549.32
-3546.38
-3547.57
-3543.56
-3545
-3543.27
-3541.61
-3543.5
-3538.71
-3537.73
-3539.32
-3534.77
-3538.02
-3542.99
-3540.51
-3541.65
-3542.19
-3542.77
-3546.68
-3547.25
-3548.06
-3548.92
-3546.66
-3545.68
-3547.45
-3551.31
-3550.55
-3548.85
-3549.64
-3546.17
-3547.04
-3545.14
-3547.6
-3542.09
-3539.42
-3538.93
-3542.26
-3541.2
-3545.13
-3546.36
-3550.51
-3550
-3550.26
-3551.21
-3551.93
-3553.92
-3552.27
-3551.39
-3550.57
-3548.73
-3543.83
-3540.84
-3540.27
-3541.94
-3539.98
-3543.24
-3544.74
-3546.19
-3544.55
-3543.12
-3545.62
-3543.63
-3542.81
-3547.51
-3550.45
-3550.56
-3547.93
-3546.12
-3547.24
-3544.57
-3542.7
-3546.31
-3549.78
-3547.2
-3545.77
-3544.95
-3544.4
-3544.77
-3545.46
-3545.79
-3548.43
-3549.81
-3549.46
-3550.89
-3554.45
-3559.37
-3560.92
-3564.16
-3562.82
-3563.23
-3561.43
-3559.79
-3561.26
-3563.15
-3558.28
-3556.31
-3557.18
-3559.65
-3557.72
-3555.22
-3561.47
-3561.97
-3560.56
-3559.84
-3559.2
-3556.36
-3554.6
-3554.49
-3556.33
-3557.56
-3556.78
-3558.39
-3559.74
-3564.68
-3564.69
-3562.78
-3560.85
-3553.7
-3553.43
-3553.3
-3554.79
-3553.33
-3556.66
-3553.93
-3555.18
-3554.5
-3551.57
-3548.61
-3548.18
-3550.8
-3550.68
-3553.75
-3554.22
-3555.16
-3554.74
-3547
-3547.82
-3551.09
-3549.41
-3551.01
-3551.9
-3552.77
-3547.02
-3548.39
-3547.15
-3543.91
-3550.45
-3546.85
-3547.96
-3550.12
-3550.98
-3552.92
-3550.26
-3550.39
-3551.09
-3555.05
-3554.37
-3556.26
-3549.42
-3545.81
-3548.78
-3547.11
-3553.5
-3555.33
-3551.6
-3550.44
-3552.32
-3553.34
-3551.68
-3551.32
-3555.74
-3558.57
-3558.45
-3559.89
-3561.15
-3558.08
-3557.04
-3560.37
-3554.71
-3552.16
-3548.36
-3553.07
-3552.6
-3555.37
-3552.13
-3549.39
-3546.59
-3549.11
-3547.3
-3547.68
-3546.28
-3545.6
-3546.12
-3548.5
-3547.6
-3550.98
-3552.9
-3554.3
-3557.19
-3558.95
-3554.62
-3555.58
-3554.35
-3552.34
-3556.57
-3556.99
-3558.79
-3554.35
-3557.49
-3557.36
-3559.63
-3554.87
-3554.74
-3552.89
-3549.48
-3547.78
-3549.19
-3549.25
-3545.68
-3548.37
-3549.82
-3550.85
-3552
-3552.43
-3551.15
-3551.49
-3551.24
-3554.07
-3553.42
-3552.98
-3554.58
-3555.51
-3554.53
-3557.77
-3559.48
-3562.91
-3562.44
-3562.63
-3564.33
-3559.19
-3563.73
-3560.38
-3559.14
-3559.13
-3558.3
-3557.69
-3558.21
-3561.8
-3560.34
-3560.7
-3558.89
-3559.43
-3560.09
-3558.74
-3559.69
-3561.06
-3563.59
-3564.94
-3564.12
-3567.66
-3571.54
-3566.09
-3564.77
-3563.25
-3564.21
-3564.09
-3565.98
-3569.18
-3565.01
-3566.34
-3559.95
-3557.14
-3550.29
-3552.91
-3550.8
-3550.51
-3549.98
-3550.03
-3550.05
-3548.49
-3552.64
-3555.43
-3559.16
-3561.07
-3561.45
-3561.56
-3558.52
-3559.76
-3556.19
-3555.34
-3552.76
-3555.58
-3552.77
-3555
-3553.02
-3555.6
-3555.48
-3561.8
-3560.38
-3563.53
-3565.39
-3561.27
-3563.54
-3560.38
-3559.59
-3559.63
-3557.43
-3558.46
-3555.61
-3553.55
-3549.48
-3551.16
-3550.19
-3549.68
-3548.28
-3549.46
-3552.38
-3549.64
-3550.84
-3549.1
-3552.07
-3554.93
-3557.21
-3555.19
-3556.08
-3559.62
-3559.78
-3559.83
-3556.74
-3553.73
-3557.3
-3558.96
-3555.14
-3558.22
-3556.66
-3557.89
-3557.25
-3556.86
-3557.31
-3558.61
-3559.95
-3560.34
-3564.36
-3563.82
-3566.53
-3564.76
-3563.55
-3563.89
-3563.98
-3565.28
-3565.69
-3568.68
-3564.88
-3563.02
-3564.46
-3562.1
-3563.34
-3564.65
-3565.29
-3564.67
-3564.13
-3564.53
-3563.78
-3563.64
-3563.46
-3565.65
-3565.74
-3565.36
-3562.78
-3562.5
-3558.58
-3555.87
-3556.89
-3556.8
-3558.15
-3557.57
-3557.44
-3555.42
-3556.17
-3557.83
-3556.64
-3558.24
-3558.23
-3560.92
-3558.99
-3560.58
-3558.85
-3555.62
-3551.56
-3552.63
-3556.4
-3557.71
-3551.53
-3551.78
-3554.29
-3555.06
-3552.62
-3555.25
-3554.6
-3554.11
-3553.53
